1330400
1330401
1330402
1330403
1330404
1330405
1330410
1330413
1330423
1330490
1330493
1330981
1330982
1330983
1330988
1331400
1331401
1331402
1331410
1331413
1331420
1331422
1331423
1331424
1332212
1332213
1332235
1332240
1332241
1332242
1332243
1332244
1332245
1332246
1332247
1332248
1332249
1332400
1332401
1332402
1332403
1332404
1332405
1332406
1332407
1332408
1332409
1332410
1332413
1332423
1333212
1333213
1333235
1333240
1333241
1333242
1333243
1333244
1333245
1333246
1333247
1333248
1333249
1334212
1334213
1334235
1334240
1334241
1334242
1334243
1334244
1334245
1334246
1334247
1334248
1334249
1335212
1335213
1335235
1335240
1335241
1335242
1335243
1335244
1335245
1335246
1335247
1335248
1335249
1335410
1335413
1335420
1335422
1335423
1335424
1335869
1335879
1335885
1335886
1335887
1335888
1335894
1335895
1335896
1335897
1335898
1335899
1336410
1336413
1336420
1336423
1336424
1337280
1337282
1337283
1337284
1337293
1338410
1338413
1338420
1338423
1338682
1338683
1338684
1338685
1338686
1338687
1338688
1338689
1339010
1339011
1339012
1339013
1339014
1339015
1339016
1339024
1339028
1339040
1339043
1339055
1339056
1339057
1339058
1339059
1339410
1339413
1339422
1339423
1530400
1530401
1530402
1530410
1530413
1530420
1530423
1530424
1530490
1530985
1530986
1530987
1530988
1530989
1532610
1532611
1532612
1532613
1532619
1532626
1533080
1533081
1533085
1533095
1533114
1533118
1533119
1535092
1535093
1535095
1535118
1538208
1538209
1538210
1538211
1538212
1800240
1800241
1800242
1800243
1800244
1800245
1800246
1800247
1800248
1800249
1800400
1800401
1800402
1800403
1800410
1800413
1800423
1800490
1800493
1804000
1804001
1804002
1804003
1804004
1804005
1804006
1804007
1804008
1804009
1804020
1804021
1804022
1804023
1804024
1804025
1804026
1804100
1804101
1804102
1804103
1804104
1804105
1804106
1804107
1804108
1804109
1804130
1804131
1804132
1890090
1890091
1890092
1890093
1890094
1890400
1890401
1890402
1890403
1890404
1890405
1890410
1890413
1890423
1890490
1890493
1890981
1890982
1890983
1890988
1894000
1894001
1894002
1894003
1894004
1894005
1894006
1894007
1894008
1894009
1894010
1894011
1894012
1894013
1894014
1894015
1894016
1894017
1894018
1894019
1894020
1894021
1894022
1894023
1894024
1894025
1894026
1894027
1894028
1894029
1894030
1894031
1894032
1894033
1894034
1894035
1894036
1894037
1894038
1894039
1894100
1894101
1894102
1894103
1894104
1894105
1894106
1894107
1894108
1894109
1894130
1894131
1894132
1894136
1894137
1894138
1894139
1894163
1894164
1894165
1810040
1810041
1810240
1810241
1810242
1810243
1810244
1810245
1810246
1810247
1810248
1810249
1810400
1810401
1810402
1810403
1810410
1810413
1810423
1810490
1810493
1810980
1810988
1814100
1814101
1814102
1346400
1346401
1346402
1346403
1346404
1346407
1346408
1346409
1346410
1346411
1346412
1346413
1346414
1346415
1346416
1346417
1346418
1346419
1346441
1346443
1346448
1347010
1347011
1347012
1347013
1347014
1347015
1347016
1347017
1347051
1347052
1347053
1347054
1347055
1347056
1347057
1347058
1347059
1347810
1347811
1347812
1347813
1347814
1347815
1347816
1347817
1347818
1347819
1347820
1347821
1347822
1347823
1347824
1347825
1347826
1347827
1347828
1347829
1347830
1347831
1347832
1347833
1347834
1347835
1347836
1347837
1347838
1347839
1347880
1347881
1347882
1347883
1347884
1347885
1347886
1347887
1347888
1347889
1350040
1350043
1350400
1350401
1350402
1350403
1350404
1350405
1350407
1350410
1350413
1350418
1350423
1350490
1350492
1350493
1350494
1350497
1350498
1350499
1351410
1351413
1351420
1351421
1351423
1351425
1351426
1351428
1351600
1351603
1351604
1351608
1351609
1355570
1355571
1355573
1355576
1355577
1355578
1355579
1355580
1355581
1355582
1355583
1355584
1355585
1355586
1355587
1355588
1355589
1359100
1359101
1359102
1359103
1359104
1359105
1359106
1359107
1359108
1359109
1359140
1359141
1359142
1359143
1359144
1359145
1359146
1359147
1359148
1359149
1359153
1359154
1359155
1359156
1359157
1359160
1359161
1359162
1359163
1359164
1359165
1359166
1359167
1359168
1359169
1360400
1360401
1360402
1360403
1360404
1360405
1360406
1360407
1360410
1360413
1360418
1360421
1360490
1360492
1360981
1360982
1360983
1360987
1360988
1360989
1361081
1361082
1361083
1361088
1361090
1361400
1361401
1361402
1361403
1361404
1361405
1361410
1361413
1361423
1361490
1361493
1362400
1362401
1362402
1362403
1362404
1362405
1362406
1362407
1362410
1362413
1362421
1362423
1362490
1362493
1364400
1364401
1364402
1364403
1364404
1364405
1364406
1364407
1364410
1364413
1364490
1364497
1364499
1365400
1365401
1365402
1365403
1365404
1365405
1365406
1365407
1365410
1365413
1365414
1365418
1365421
1365423
1365490
1365495
1365497
1365499
1366410
1366411
1366412
1366413
1366414
1366415
1366416
1366417
1366418
1366419
1367410
1367413
1367414
1367418
1367420
1367423
1367425
1367427
1367428
1369410
1369411
1369412
1369413
1369418
1369419
1370000
1370001
1370002
1370003
1370004
1370005
1370010
1370013
1370400
1370401
1370402
1370403
1370404
1370405
1370410
1370413
1370490
1370493
1370981
1370982
1370983
1370984
1370985
1370988
1374000
1374001
1374002
1374003
1374004
1374005
1374006
1374007
1374008
1374009
1374010
1374011
1374014
1374015
1374016
1374018
1374019
1374040
1374041
1374042
1374043
1374045
1374046
1374047
1374048
1374049
1374050
1374051
1374052
1374053
1374054
1374055
1374056
1374057
1374058
1374059
1374100
1374101
1374102
1374103
1374104
1374105
1374106
1374107
1374108
1374109
1374130
1374131
1374132
1374134
1374135
1374136
1374137
1374138
1374139
1374230
1374231
1374232
1374233
1374234
1374235
1374236
1374237
1374238
1374239
1380004
1380005
1380006
1380024
1380041
1380400
1380401
1380402
1380403
1380404
1380405
1380406
1380407
1380410
1380413
1380421
1380423
1380490
1380493
1380497
1380498
1380499
1344038
1344238
1344338
1384000
1384001
1384002
1384003
1384004
1384005
1384006
1384007
1384008
1384009
1384010
1384011
1384012
1384013
1384014
1384015
1384016
1384017
1384018
1384019
1384020
1384021
1384022
1384023
1384024
1384025
1384026
1384027
1384028
1384029
1384030
1384031
1384032
1384033
1384034
1384035
1384036
1384037
1384038
1384039
1384040
1384041
1384042
1384043
1384044
1384045
1384046
1384047
1384048
1384049
1384050
1384051
1384052
1384053
1384054
1384055
1384056
1384057
1384058
1384059
1384100
1384101
1384102
1384103
1384104
1384105
1384106
1384107
1384108
1384109
1384130
1384131
1384132
1384133
1384134
1384135
1384136
1384137
1384138
1384139
1384200
1384201
1384202
1384203
1384204
1384205
1384206
1384207
1384208
1384209
1384230
1384231
1384232
1384233
1384234
1384235
1384236
1384237
1384238
1384239
1388910
1388911
1388912
1388913
1388914
1388915
1388916
1388917
1388918
1388919
1388920
1388921
1388922
1388923
1388924
1388925
1388926
1388927
1388928
1388929
1388930
1388931
1388932
1388933
1388934
1388935
1388936
1388937
1388938
1388939
1388980
1388981
1388982
1388983
1388984
1388985
1388986
1388987
1388988
1388989
1389790
1389791
1389792
1389793
1389794
1389795
1389796
1389797
1389798
1389799
1389810
1389811
1389812
1389813
1389814
1389815
1389816
1389817
1389818
1389819
1389822
1389830
1389831
1389832
1389833
1389834
1389857
1389858
1389859
1389880
1389881
1389882
1389883
1389884
1389885
1389886
1389887
1389888
1389889
1390001
1390002
1390098
1390400
1390401
1390402
1390403
1390404
1390405
1390410
1390413
1390423
1390490
1390493
1390981
1390982
1390983
1390988
1394000
1394001
1394002
1394003
1394004
1394005
1394006
1394007
1394008
1394009
1394010
1394011
1394012
1394013
1394014
1394015
1394016
1394017
1394018
1394019
1394020
1394021
1394022
1394023
1394024
1394025
1394026
1394027
1394028
1394029
1394030
1394031
1394032
1394033
1394034
1394035
1394036
1394037
1394038
1394039
1394040
1394041
1394042
1394043
1394044
1394045
1394046
1394047
1394048
1394049
1394050
1394051
1394052
1394053
1394054
1394055
1394056
1394057
1394058
1394059
1394100
1394101
1394102
1394103
1394104
1394105
1394106
1394107
1394108
1394109
1394130
1394131
1394132
1394133
1394134
1394135
1394136
1394137
1394138
1394139
1394230
1394231
1394232
1394233
1394234
1394235
1394236
1394237
1394238
1394239
1399810
1399811
1399812
1399813
1399814
1399815
1399816
1399817
1399818
1399819
1399820
1399821
1399822
1399823
1399824
1399825
1399826
1399827
1399828
1399829
1399830
1399831
1399832
1399833
1399834
1399835
1399836
1399837
1399838
1399839
1399880
1399881
1399882
1399883
1399884
1399885
1399886
1399887
1399888
1399889
1500240
1500241
1500242
1500243
1500244
1500245
1500246
1500247
1500248
1500249
1500400
1500401
1500402
1500403
1500404
1500405
1500406
1500407
1500408
1500409
1500410
1500413
1500988
1504000
1504001
1504002
1504003
1504004
1504005
1504006
1504007
1504008
1504009
1504010
1504011
1504012
1504013
1504014
1504015
1504016
1504017
1504018
1504019
1504020
1504021
1504022
1504023
1504024
1504025
1504026
1504027
1504028
1504029
1504030
1504031
1504032
1504033
1504034
1504035
1504036
1504037
1504038
1504039
1504080
1504081
1504082
1504083
1504084
1504100
1504101
1504102
1504103
1504104
1504105
1504106
1504107
1504108
1504109
1504120
1504121
1504122
1504123
1504124
1504125
1504126
1504127
1504128
1504129
1504130
1504131
1504132
1504133
1504134
1504135
1504136
1504137
1504138
1504139
1504200
1504201
1504202
1504203
1504204
1504205
1504206
1504207
1504208
1504209
1504235
1504236
1504237
1504238
1504239
1510240
1510400
1510401
1510402
1510403
1510404
1510410
1510413
1510425
1510426
1513410
1513411
1513412
1513413
1514000
1514001
1514002
1514003
1514004
1514005
1514006
1514007
1514008
1514009
1514010
1514011
1514012
1514013
1514014
1514015
1514016
1514017
1514018
1514019
1514020
1514021
1514022
1514023
1514024
1514025
1514026
1514027
1514028
1514029
1514100
1514101
1514102
1514103
1514104
1514105
1514106
1514107
1514108
1514109
1514130
1514131
1514132
1514133
1514134
1514135
1514136
1514137
1514138
1514139
1514145
1514146
1514147
1514148
1514149
1514185
1514186
1514187
1514188
1514189
1514200
1514201
1514202
1514203
1514204
1514205
1514206
1514207
1514208
1514209
1514250
1514251
1514252
1514253
1514254
1514255
1514256
1514257
1514258
1514259
1516410
1516411
1516412
1516413
1516414
1518410
1518411
1518412
1518413
1518414
1520400
1520401
1520402
1520403
1520404
1520405
1520406
1520407
1520408
1520409
1521420
1521421
1521422
1521423
1521424
1521425
1521426
1521427
1521428
1521429
1524100
1524101
1524102
1524103
1524104
1524105
1524106
1524107
1524108
1524109
1524130
1524131
1524132
1524133
1524134
1524170
1524171
1524179
1524180
1524181
1524182
1524183
1524184
1524200
1524201
1524202
1524203
1524204
1524205
1524206
1524207
1524208
1524209
1524230
1524231
1524232
1524233
1524234
1524235
1524236
1524237
1524238
1524239
1524240
1524241
1524242
1524243
1524244
1524245
1524246
1524247
1524248
1524249
1524270
1524271
1524272
1524273
1524274
1570240
1570241
1570242
1570243
1570244
1570245
1570246
1570247
1570248
1570249
1570410
1570413
1571050
1571051
1571052
1571053
1571054
1571055
1571056
1571057
1571058
1571059
1571230
1571231
1571232
1571233
1571234
1571240
1571241
1571242
1571243
1571244
1571245
1571246
1571247
1571248
1571249
1571400
1571401
1571403
1571410
1571413
1571423
1572434
1572435
1572465
1572468
1572469
1573400
1573401
1573402
1573403
1573404
1573405
1573406
1573407
1573408
1573409
1574040
1579470
1579471
1579472
1579473
1579474
1579475
1579476
1579477
1579478
1579479
1580240
1580241
1580242
1580243
1580244
1580245
1580246
1580247
1580248
1580249
1580400
1580401
1580402
1580403
1580404
1580405
1580406
1580407
1580408
1580409
1580410
1580413
1580988
1584000
1584001
1584002
1584003
1584004
1584005
1584006
1584007
1584008
1584009
1584010
1584011
1584012
1584013
1584014
1584015
1584016
1584017
1584018
1584019
1584020
1584021
1584022
1584023
1584024
1584025
1584026
1584027
1584028
1584029
1584030
1584031
1584032
1584033
1584034
1584035
1584036
1584037
1584038
1584039
1584040
1584041
1584042
1584043
1584044
1584045
1584046
1584047
1584048
1584049
1584050
1584051
1584052
1584053
1584054
1584055
1584056
1584057
1584058
1584059
1584100
1584101
1584102
1584103
1584104
1584105
1584106
1584107
1584108
1584109
1584130
1584131
1584132
1584133
1584134
1584135
1584136
1584137
1584138
1584139
1584230
1584231
1584232
1584233
1584234
1584235
1584236
1584237
1584238
1584239
1589800
1589801
1589802
1589803
1589804
1589805
1589806
1589807
1589808
1589809
1589830
1589831
1589832
1589833
1589834
1589835
1589836
1589837
1589838
1589839
1590240
1590400
1590401
1590402
1590403
1590404
1590405
1590406
1590407
1590408
1590409
1590410
1590413
1590981
1590982
1590983
1590988
1594000
1594001
1594002
1594003
1594004
1594005
1594006
1594007
1594008
1594009
1594010
1594011
1594012
1594013
1594014
1594015
1594016
1594017
1594018
1594019
1594020
1594021
1594022
1594023
1594024
1594025
1594026
1594027
1594028
1594029
1594030
1594031
1594032
1594033
1594034
1594035
1594036
1594037
1594038
1594039
1594040
1594041
1594042
1594043
1594044
1594045
1594046
1594047
1594048
1594049
1594050
1594051
1594052
1594053
1594054
1594055
1594056
1594057
1594058
1594059
1594100
1594101
1594102
1594103
1594104
1594105
1594106
1594107
1594108
1594109
1594130
1594131
1594132
1594133
1594134
1594135
1594136
1594137
1594138
1594139
1594200
1594201
1594202
1594203
1594204
1594205
1594206
1594207
1594208
1594209
1594230
1594231
1594232
1594233
1594234
1594235
1594236
1594237
1594238
1594239
1599810
1599811
1599812
1599813
1599814
1599815
1599816
1599817
1599818
1599819
1599820
1599821
1599822
1599823
1599824
1599825
1599826
1599827
1599828
1599829
1599830
1599831
1599832
1599833
1599834
1599835
1599836
1599837
1599838
1599839
1599880
1599881
1599882
1599883
1599884
1599885
1599886
1599887
1599888
1599889
1820240
1820241
1820242
1820243
1820244
1820245
1820246
1820247
1820248
1820249
1820400
1820401
1820402
1820403
1820404
1820405
1820406
1820407
1820408
1820409
1820410
1820413
1824000
1824001
1824002
1824003
1824004
1824005
1824006
1824007
1824008
1824009
1824010
1824011
1824012
1824013
1824014
1824015
1824016
1824017
1824018
1824019
1824020
1824021
1824022
1824023
1824024
1824025
1824026
1824027
1824028
1824029
1824030
1824031
1824032
1824033
1824034
1824035
1824036
1824037
1824038
1824039
1824040
1824041
1824042
1824043
1824044
1824045
1824046
1824047
1824048
1824049
1824100
1824101
1824102
1824103
1824104
1824105
1824106
1824107
1824108
1824109
1824130
1824131
1824132
1824133
1824134
1824135
1824136
1824137
1824138
1824139
1824230
1824231
1824232
1824233
1824234
1824235
1824236
1824237
1824238
1824239
1824260
1824261
1824262
1824263
1824264
1830240
1830241
1830242
1830243
1830244
1830245
1830246
1830247
1830248
1830249
1830400
1830401
1830402
1830403
1830404
1830405
1830406
1830407
1830408
1830409
1830410
1830413
1830981
1830982
1830983
1830984
1830985
1830986
1830987
1830988
1830989
1834010
1834011
1834012
1834013
1834014
1834015
1834016
1834017
1834018
1834019
1834030
1834031
1834032
1834033
1834034
1834035
1834036
1834037
1834038
1834039
1834100
1834101
1834102
1834103
1834104
1834105
1834106
1834107
1834108
1834109
1834130
1834131
1834132
1834133
1834134
1834135
1834136
1834137
1834138
1834139
1834240
1834241
1834242
1834243
1834244
1834245
1834246
1834247
1834248
1834249
1840240
1840241
1840242
1840243
1840244
1840245
1840246
1840247
1840248
1840249
1840410
1840413
1840600
1840601
1840602
1840603
1840604
1840605
1840606
1840607
1840608
1840609
1870400
1870401
1870402
1870403
1870404
1870405
1870406
1870407
1870408
1870409
1870410
1870413
1874000
1874001
1874002
1874003
1874004
1874005
1874006
1874007
1874008
1874009
1874100
1874101
1874102
1874103
1874104
1874105
1874106
1874107
1874108
1874109
1874130
1874131
1874132
1874133
1874134
1874135
1874136
1874137
1874138
1874139
1874220
1874240
1874241
1874242
1874243
1874244
1874245
1874246
1874247
1874248
1874249
1880240
1880241
1880242
1880243
1880244
1880245
1880246
1880247
1880248
1880249
1880400
1880401
1880402
1880403
1880404
1880405
1880406
1880407
1880408
1880409
1880410
1880413
1880980
1880981
1880982
1880983
1880984
1880985
1880986
1880987
1880988
1880989
1884000
1884001
1884002
1884003
1884004
1884005
1884006
1884007
1884008
1884009
1884060
1884061
1884062
1884063
1884064
1884065
1884066
1884067
1884068
1884069
1884100
1884101
1884102
1884103
1884104
1884105
1884106
1884107
1884108
1884109
1884130
1884131
1884132
1884133
1884134
1884135
1884136
1884137
1884138
1884139
1884230
1884231
1884232
1884233
1884234
1884235
1884236
1884237
1884238
1884239
1884240
1884241
1884242
1884243
1884244
1884245
1884246
1884247
1884248
1884249
1884250
1884251
1884252
1884253
1884254
1884255
1884256
1884257
1884258
1884259
1300240
1300241
1300242
1300243
1300244
1300245
1300246
1300247
1300248
1300249
1300827
1300924
1300925
1300926
1300927
1301024
1301930
1301931
1301932
1301933
1301934
1301935
1301936
1301937
1301938
1301939
1301965
1301966
1301991
1301992
1302030
1302031
1302032
1302034
1302039
1302240
1302241
1302242
1302243
1302244
1302245
1302246
1302247
1302248
1302249
1302827
1302924
1302925
1302926
1302927
1303070
1303071
1303078
1303079
1303240
1303241
1303242
1303243
1303244
1303245
1303246
1303247
1303248
1303249
1304240
1304241
1304242
1304243
1304244
1304263
1304264
1304383
1304384
1305010
1305011
1305012
1305013
1305014
1305015
1305016
1305017
1305018
1305019
1305080
1305081
1305082
1305083
1305084
1306520
1306521
1306522
1306523
1306524
1306650
1306651
1306652
1306653
1306654
1306655
1306656
1306657
1306658
1306659
1306660
1306661
1306662
1306663
1306664
1306665
1306666
1306667
1306668
1306669
1306670
1306671
1306672
1306673
1306674
1306675
1306676
1306677
1306678
1306679
1307240
1307241
1307242
1307243
1307244
1307245
1307246
1307247
1307248
1307249
1307920
1307921
1307922
1307923
1307924
1307925
1307926
1307927
1307928
1307929
1308070
1308071
1308072
1308073
1308074
1308075
1308076
1308077
1308078
1308079
1308080
1308081
1308082
1308083
1308084
1308085
1308086
1308087
1308088
1308089
1308130
1308131
1308132
1308133
1308134
1308179
1308227
1308228
1308240
1308241
1308242
1308243
1308244
1308245
1308246
1308247
1308248
1308249
1309024
1310410
1310413
1310423
1310985
1310986
1310987
1310988
1310989
1312413
1312420
1312421
1312422
1312423
1312424
1312425
1312426
1312540
1312541
1312542
1312543
1312544
1312551
1312552
1313020
1313021
1313022
1313023
1313024
1313025
1313026
1313027
1313028
1313029
1313030
1313031
1313032
1313033
1313034
1313035
1313036
1313037
1313077
1313078
1313079
1313089
1313410
1313413
1313420
1313422
1313423
1313424
1314780
1314781
1314782
1314783
1314796
1314980
1314981
1314982
1314983
1314984
1314985
1315410
1315413
1315420
1315423
1316660
1316661
1316662
1316663
1316664
1316665
1316666
1316667
1316668
1316669
1316670
1316671
1316672
1316673
1316674
1316675
1316676
1316677
1316678
1316679
1318825
1318826
1318827
1318828
1318829
1318840
1318841
1318842
1318843
1318844
1318865
1318866
1318867
1318868
1318869
1319000
1319001
1319002
1319003
1319004
1319005
1319006
1319007
1319008
1319009
1319410
1319413
1319420
1319422
1319423
1319424
1320400
1320401
1320402
1320403
1320404
1320410
1320413
1320420
1320424
1320425
1321410
1321413
1321423
1321424
1321425
1321426
1322410
1322413
1322423
1322424
1322425
1322426
1323400
1323401
1323402
1323403
1323404
1323410
1323413
1323420
1323660
1323661
1323662
1323663
1323664
1323665
1323666
1323667
1323674
1323675
1323695
1323810
1323813
1323814
1323828
1323829
1323880
1323881
1323882
1323883
1323884
1323885
1323886
1323887
1323888
1323889
1325270
1325271
1325272
1325273
1325274
1325275
1325276
1325279
1325280
1325281
1325282
1325283
1325284
1325285
1325286
1325287
1325288
1325289
1327410
1327413
1327420
1327423
1327424
1327425
1328410
1328413
1328424
1328425
1328426
1328428
1550240
1550241
1550242
1550243
1550244
1550245
1550246
1550247
1550248
1550249
1550260
1550261
1550268
1550400
1550401
1550402
1550403
1550404
1550405
1550410
1550413
1550423
1550490
1550493
1550981
1550982
1550983
1550987
1550988
1552400
1552401
1552402
1552403
1552404
1552405
1552406
1552407
1552408
1552409
1552410
1552411
1552412
1552413
1552414
1552415
1552416
1552417
1552418
1552419
1552420
1552421
1552422
1552423
1552424
1552425
1552426
1552427
1552428
1552429
1552430
1552431
1552432
1552433
1552434
1552435
1552436
1552437
1552438
1552439
1552440
1552441
1552442
1552443
1552444
1552445
1552446
1552447
1552448
1552449
1552450
1552451
1552452
1552453
1552454
1554100
1554101
1554130
1554131
1554132
1554136
1554137
1554138
1554139
1554141
1554142
1554143
1554144
1554145
1554150
1554151
1554152
1554153
1554154
1554155
1554156
1554157
1554158
1554159
1554190
1554191
1554192
1554193
1554194
1554195
1554196
1554197
1554198
1554199
1554205
1554206
1554207
1554215
1554216
1554217
1554218
1554219
1554220
1554221
1554222
1554223
1554224
1554225
1554226
1554227
1554228
1554229
1554277
1554296
1554297
1554298
1554299
1556600
1556601
1556602
1556603
1556604
1556605
1556606
1556607
1556608
1556609
1556610
1556611
1556612
1556613
1556614
1556615
1556616
1556617
1556618
1556619
1556620
1556621
1556622
1556623
1556624
1556629
1556630
1556631
1556632
1556638
1556639
1556643
1560400
1560401
1560402
1560403
1560404
1560405
1560410
1560413
1560423
1560490
1560493
1560981
1560982
1560983
1560988
1564000
1564001
1564002
1564003
1564004
1564005
1564006
1564007
1564008
1564009
1564010
1564011
1564012
1564013
1564014
1564015
1564016
1564017
1564018
1564019
1564020
1564021
1564022
1564023
1564024
1564025
1564026
1564027
1564028
1564029
1564030
1564031
1564032
1564033
1564034
1564035
1564036
1564037
1564038
1564039
1564040
1564041
1564042
1564043
1564044
1564045
1564046
1564047
1564048
1564049
1564050
1564051
1564052
1564053
1564054
1564055
1564056
1564057
1564058
1564059
1564100
1564101
1564102
1564103
1564104
1564105
1564106
1564107
1564108
1564109
1564130
1564131
1564132
1564133
1564134
1564135
1564136
1564137
1564138
1564139
1564200
1564201
1564202
1564203
1564204
1564205
1564206
1564207
1564208
1564209
1566850
1566851
1566852
1566853
1566854
1566855
1566856
1566857
1566858
1566859
1566876
1566880
1566881
1566882
1566885
1566886
1566887
1566888
1566889
1569410
1569413
1569420
1569423
1569875
1569880
1569881
1569882
1569883
1569884
1569893
1569894
1850240
1850241
1850244
1850245
1850246
1850247
1850410
1850413
1851240
1851241
1851242
1851243
1851244
1851245
1851246
1851247
1851248
1851249
1852410
1852413
1852423
1852424
1852440
1852441
1852442
1852443
1852444
1852445
1852446
1852447
1852448
1852449
1852472
1852473
1852474
1852475
1852476
1852477
1852478
1852479
1852480
1852481
1852482
1852483
1852484
1852485
1852486
1852487
1852488
1852489
1852500
1852501
1852502
1852503
1852504
1852505
1852506
1852507
1852508
1852509
1852510
1852511
1852512
1852513
1852514
1852515
1852516
1852517
1852518
1852519
1852520
1852521
1852522
1852523
1852524
1852525
1852526
1852527
1852528
1852529
1860240
1860241
1860242
1860243
1860244
1860245
1860246
1860247
1860248
1860249
1860400
1860401
1860402
1860403
1860404
1860405
1860410
1860413
1860423
1860490
1860493
1860981
1860982
1860983
1860988
1862400
1862401
1862402
1862403
1862404
1862405
1862406
1862407
1862408
1862409
1862410
1862413
1862414
1862423
1862424
1862425
1862430
1862431
1862432
1862433
1862434
1862440
1862441
1862447
1864000
1864001
1864002
1864003
1864004
1864005
1864006
1864007
1864008
1864009
1864010
1864011
1864012
1864013
1864014
1864015
1864016
1864017
1864018
1864019
1864020
1864021
1864022
1864023
1864024
1864025
1864026
1864027
1864028
1864029
1864030
1864031
1864032
1864033
1864034
1864035
1864036
1864037
1864038
1864039
1864040
1864041
1864042
1864043
1864044
1864045
1864046
1864047
1864048
1864049
1864050
1864051
1864052
1864053
1864054
1864055
1864056
1864057
1864058
1864059
1864100
1864101
1864102
1864103
1864104
1864105
1864106
1864107
1864108
1864109
1864130
1864131
1864132
1864133
1864134
1864135
1864136
1864137
1864138
1864139
1864200
1864201
1864202
1864203
1864204
1864205
1864206
1864207
1864208
1864209
1864230
1864231
1864232
1864233
1864234
1864235
1864236
1864237
1864238
1864239
1869820
1869823
1869824
1869825
1869877
1869880
1869881
1869882
1869883
1869884
1869885
1869886
1869887
1869888
1869889
1564261
1450330
1450331
1450332
1450333
1450334
1450335
1450336
1450337
1450338
1450339
1450340
1450341
1450342
1450343
1450344
1450345
1450346
1450347
1450348
1450349
1450350
1450351
1450352
1450353
1450354
1450355
1450356
1450357
1450358
1450359
1450360
1450361
1450362
1450363
1450364
1450365
1450366
1450367
1450368
1450369
1450370
1450371
1450372
1450373
1450374
1450375
1450376
1450377
1450378
1450379
1450380
1450381
1450382
1450383
1450384
1450385
1450386
1450387
1450388
1450389
1450390
1450391
1450392
1450393
1450394
1450395
1450396
1450397
1450398
1450399
1450400
1450401
1450402
1450403
1450404
1450405
1450406
1450407
1450410
1450413
1450423
1450486
1450487
1450488
1450587
1450588
1450589
1450590
1452400
1452401
1452402
1452403
1452404
1452405
1452406
1452407
1452408
1452409
1452410
1452413
1452423
1452424
1453340
1453341
1453342
1453343
1453344
1453345
1453346
1453347
1453356
1453400
1453401
1453402
1453403
1453404
1453405
1453406
1453407
1453408
1453409
1453413
1453416
1453417
1453418
1453419
1453433
1453440
1453441
1453442
1454280
1454281
1454290
1454291
1454294
1470240
1470241
1470242
1470243
1470244
1470245
1470246
1470247
1470400
1470401
1470402
1470403
1470404
1470405
1470406
1470407
1470408
1470409
1470410
1470413
1470423
1474000
1474001
1474002
1474003
1474004
1474005
1474006
1474007
1474008
1474009
1474010
1474011
1474012
1474013
1474014
1474015
1474016
1474017
1474018
1474019
1474040
1474041
1474042
1474043
1474044
1474100
1474126
1474127
1474130
1474131
1474132
1474133
1474134
1474150
1474151
1474152
1474153
1474154
1474155
1474156
1474157
1474158
1474159
1476530
1477890
1477891
1477892
1477893
1477894
1477895
1477896
1477897
1477898
1477899