1330158
1330159
1330514
1330515
1330516
1330517
1330518
1330519
1332770
1332771
1332772
1332773
1332780
1332781
1332782
1332783
1333770
1333771
1333772
1333773
1333780
1333781
1333782
1333783
1333860
1333861
1333862
1333863
1334770
1334771
1334772
1334773
1334780
1334781
1334782
1334783
1335770
1335771
1335772
1335773
1335780
1335781
1335782
1335783
1337200
1337201
1337202
1337203
1337605
1337606
1337607
1337608
1337609
1338200
1338201
1338202
1338203
1338204
1338205
1338206
1338207
1338208
1338209
1338240
1338276
1338277
1338278
1338279
1339075
1339076
1339077
1339078
1339079
1339090
1339091
1339092
1530158
1530159
1530514
1530515
1530516
1530517
1530518
1530519
1531200
1531201
1531202
1531203
1531204
1531205
1531206
1531207
1531208
1531209
1531240
1531241
1531296
1531297
1531298
1531299
1533514
1533515
1533516
1533517
1533518
1533519
1533754
1533774
1533776
1533778
1534518
1535158
1535810
1535811
1535812
1535813
1535814
1535815
1535816
1535817
1535818
1535819
1536500
1536501
1536502
1536503
1536504
1536505
1536506
1536507
1536508
1536509
1536510
1536511
1536512
1536513
1536514
1536515
1536516
1536517
1536518
1536519
1536600
1536601
1536602
1536603
1536604
1536605
1536606
1536607
1536608
1536609
1536610
1536611
1536612
1536613
1536614
1536615
1536616
1536617
1536618
1536619
1537100
1537101
1537102
1537103
1537104
1538040
1538041
1538042
1538043
1538044
1538075
1538076
1538077
1538078
1538079
1538080
1538081
1538082
1538083
1538084
1538085
1538086
1538087
1538088
1538089
1538090
1538091
1538092
1538093
1538094
1538095
1538096
1538097
1538098
1538099
1800158
1800159
1800514
1800515
1800516
1800517
1800518
1800519
1801290
1801291
1801292
1801293
1801294
1801295
1801296
1801297
1801298
1801299
1801300
1801301
1801302
1801303
1801304
1801330
1801331
1801332
1801333
1801334
1801335
1801336
1801337
1801338
1801339
1801380
1801381
1801382
1801383
1801384
1801385
1801386
1801387
1801388
1801389
1801390
1801391
1801392
1801393
1801394
1801395
1801396
1801397
1801398
1801399
1801445
1801446
1801447
1801448
1801449
1801470
1801471
1801472
1801473
1801474
1801480
1801481
1801482
1801483
1801484
1801485
1801800
1801801
1801802
1801803
1801804
1801805
1801806
1801807
1801808
1801809
1802010
1802011
1802012
1802013
1802014
1802015
1802016
1802017
1802018
1802110
1802111
1802112
1802113
1802114
1802139
1802140
1802141
1802150
1802151
1802152
1802153
1802154
1805100
1805101
1805102
1805103
1805107
1805108
1805196
1805197
1805198
1805199
1805200
1805201
1805202
1805203
1805204
1805205
1805206
1805207
1805208
1805209
1806120
1806121
1806122
1806123
1806124
1806125
1806126
1806127
1806128
1806129
1806142
1806143
1806144
1806145
1806146
1806147
1806148
1806149
1806160
1806161
1806162
1806163
1806164
1806165
1806166
1806167
1806168
1806169
1806170
1806171
1806172
1806173
1806174
1806175
1806176
1806177
1806178
1806179
1806184
1806185
1806188
1806603
1806604
1806605
1806606
1806607
1806608
1806609
1806610
1806611
1806880
1806881
1806882
1806883
1806884
1809420
1809421
1809422
1809423
1809424
1890066
1890067
1890068
1890158
1890159
1890514
1890515
1890516
1890517
1890518
1890519
1891290
1891291
1891292
1891293
1891294
1891295
1891296
1891297
1891298
1891299
1891300
1891301
1891302
1891303
1891304
1891330
1891331
1891332
1891333
1891334
1891335
1891336
1891337
1891338
1891339
1891380
1891381
1891382
1891383
1891384
1891385
1891386
1891387
1891388
1891389
1891390
1891391
1891392
1891393
1891394
1891395
1891396
1891397
1891398
1891399
1891445
1891446
1891447
1891448
1891449
1891470
1891471
1891472
1891473
1891474
1891475
1891476
1891477
1891478
1891479
1891590
1891591
1891592
1891593
1891594
1891595
1891596
1891597
1891598
1891599
1892140
1892141
1892142
1892143
1892144
1893600
1893601
1893602
1893603
1893604
1893685
1893686
1893687
1893688
1893689
1894400
1894401
1894402
1894403
1894404
1894405
1894406
1894407
1894408
1894409
1894410
1894411
1894412
1894413
1894414
1895100
1895101
1895102
1895103
1895107
1895108
1895160
1895161
1895162
1895163
1895164
1895165
1895166
1895167
1895168
1895169
1895170
1895171
1895172
1895173
1895174
1895175
1895176
1895177
1895178
1895179
1895180
1895181
1895182
1895183
1895184
1895185
1895186
1895187
1895188
1895189
1895190
1895191
1895192
1895193
1895194
1895195
1895196
1895197
1895198
1895199
1895200
1895201
1895202
1895203
1895204
1895205
1895206
1895207
1895208
1895209
1896360
1896361
1896362
1896363
1896364
1899400
1899401
1899402
1899403
1899404
1899405
1899406
1899407
1899408
1899409
1899410
1899411
1899412
1899413
1899414
1810060
1810061
1810062
1810158
1810159
1810514
1810515
1810516
1810517
1810518
1810519
1811290
1811291
1811292
1811293
1811294
1811295
1811296
1811297
1811298
1811299
1811400
1811401
1811402
1811403
1811404
1811445
1811446
1811447
1811448
1811449
1811470
1811471
1811472
1811512
1811513
1811514
1811515
1811516
1811517
1811518
1811519
1811546
1811547
1811560
1811561
1811562
1811564
1811588
1811880
1811881
1811882
1811883
1811884
1811885
1811899
1812010
1812011
1812012
1812013
1812014
1812015
1812016
1812017
1812018
1812019
1816800
1816801
1816802
1816803
1816804
1816805
1816806
1816807
1816808
1816809
1816810
1816811
1816840
1816841
1816842
1340005
1340006
1340007
1340190
1340191
1340192
1340193
1340194
1340195
1340196
1340197
1340198
1340199
1340410
1340411
1340412
1340413
1340414
1340415
1340416
1340417
1340580
1340581
1340582
1340583
1340584
1340585
1340586
1340587
1340588
1340589
1345180
1345181
1345182
1345183
1345184
1345185
1345186
1345187
1345188
1345189
1345190
1345191
1345192
1345193
1345194
1350514
1350515
1350516
1350517
1350518
1350519
1351250
1351251
1351252
1351253
1351254
1351510
1351511
1351512
1358400
1358401
1358402
1358403
1358404
1358405
1358406
1358407
1358408
1358409
1358510
1358511
1358512
1358513
1358514
1358515
1358516
1358517
1358518
1358519
1358520
1360140
1360143
1360145
1360146
1360158
1360514
1360515
1360516
1360517
1360518
1360519
1361150
1361151
1361156
1361157
1361158
1361159
1362158
1362159
1362610
1364514
1364515
1364516
1364517
1364518
1364519
1365516
1365517
1365518
1365519
1367510
1367511
1367512
1367513
1367514
1367515
1367516
1367517
1367518
1367519
1370140
1370145
1370146
1370147
1370158
1370514
1370515
1370516
1370517
1370518
1370519
1373918
1373919
1377030
1377031
1377032
1377033
1377034
1377050
1377051
1377052
1377053
1377054
1377055
1377056
1377057
1377058
1377059
1377060
1377061
1377062
1377063
1377064
1377065
1377066
1377067
1377068
1377069
1377070
1377071
1377072
1377073
1377074
1377075
1377076
1377077
1377078
1377079
1377080
1377081
1377082
1377083
1377084
1377085
1377086
1377087
1377088
1377089
1377090
1377091
1377092
1377093
1377094
1377095
1377096
1377097
1377098
1377099
1377640
1377641
1377650
1377651
1377652
1377653
1377654
1377655
1377656
1377657
1377660
1377661
1377662
1377663
1377664
1377665
1377666
1377667
1377668
1377669
1380025
1380158
1380159
1380514
1380515
1380516
1380517
1380518
1380519
1380900
1380902
1380903
1380904
1381300
1381301
1381302
1381303
1381304
1381305
1381306
1381307
1381308
1381309
1381335
1381336
1381337
1381338
1381339
1381380
1381381
1381382
1381383
1381384
1381385
1381386
1381387
1381388
1381389
1381390
1381391
1381392
1381393
1381394
1381395
1381396
1381397
1381398
1381399
1381400
1381401
1381402
1381403
1381404
1381405
1381406
1381407
1381408
1381409
1381410
1381411
1381412
1381413
1381414
1381415
1381416
1381417
1381418
1381419
1381450
1381451
1381452
1381453
1381454
1381540
1381541
1381542
1381543
1381544
1381585
1381586
1381587
1381588
1381589
1300006
1344128
1344132
1385140
1385141
1385142
1385143
1385144
1385145
1385146
1385147
1385148
1385149
1385150
1385151
1385152
1385153
1385154
1385155
1385156
1385157
1385158
1385159
1385160
1385161
1385162
1385163
1385164
1385165
1385166
1385167
1385168
1385169
1385170
1385171
1385172
1385173
1385174
1385175
1385176
1385177
1385178
1385179
1385180
1385181
1385182
1385183
1385184
1385185
1385186
1385187
1385188
1385189
1385190
1385191
1385192
1385193
1385194
1385195
1385196
1385197
1385198
1385199
1385228
1385229
1390015
1390051
1390158
1390159
1390514
1390515
1390516
1390517
1390518
1390519
1391290
1391291
1391292
1391293
1391294
1391295
1391296
1391297
1391298
1391299
1391300
1391301
1391302
1391303
1391304
1391330
1391331
1391332
1391333
1391334
1391335
1391336
1391337
1391338
1391339
1391380
1391381
1391382
1391383
1391384
1391385
1391386
1391387
1391388
1391389
1391390
1391391
1391392
1391393
1391394
1391395
1391396
1391397
1391398
1391399
1391445
1391446
1391447
1391448
1391449
1391470
1391471
1391472
1391473
1391474
1391475
1391476
1391477
1391478
1391479
1391590
1391591
1391592
1391593
1391594
1391595
1391596
1391597
1391598
1391599
1392140
1392141
1392142
1392143
1392144
1395100
1395101
1395102
1395103
1395107
1395108
1395160
1395161
1395162
1395163
1395164
1395165
1395166
1395167
1395168
1395169
1395170
1395171
1395172
1395173
1395174
1395175
1395176
1395177
1395178
1395179
1395180
1395181
1395182
1395183
1395184
1395185
1395186
1395187
1395188
1395189
1395190
1395191
1395192
1395193
1395194
1395195
1395196
1395197
1395198
1395199
1395200
1395201
1395202
1395203
1395204
1395205
1395206
1395207
1395208
1395209
1500514
1500515
1500516
1500517
1500518
1500519
1505052
1505053
1505054
1505055
1505056
1505057
1505058
1505059
1505180
1505181
1505182
1505183
1505184
1505185
1505186
1505187
1505188
1505189
1506220
1506221
1506222
1506223
1506224
1506225
1506226
1506227
1506228
1506229
1507782
1507783
1507784
1507785
1507786
1507787
1507788
1507789
1509430
1509431
1510514
1510515
1510516
1510517
1510518
1510519
1515050
1515051
1515052
1515053
1515054
1515055
1515056
1515057
1515058
1515059
1515060
1515061
1515062
1515063
1515064
1515065
1515066
1515067
1515068
1515069
1515180
1515181
1515182
1515183
1515184
1515185
1515186
1515187
1515188
1515189
1516145
1516146
1516147
1516148
1516149
1518980
1518981
1518982
1518983
1518984
1519045
1519046
1519047
1519048
1519049
1519575
1519576
1519577
1519578
1519579
1519580
1519581
1519582
1519583
1519584
1519585
1519586
1519587
1519588
1519589
1519590
1519591
1519592
1519593
1519594
1519595
1519596
1519597
1519598
1519599
1520514
1520515
1520516
1520517
1520518
1520519
1524021
1524022
1524023
1524024
1525095
1525096
1525097
1525098
1525099
1525170
1525171
1525172
1525173
1525174
1525175
1525176
1525177
1525178
1525179
1525180
1525181
1525182
1525183
1525184
1525185
1525186
1525187
1525188
1525189
1525245
1525246
1525247
1525248
1525249
1526140
1526141
1526142
1526143
1526144
1526145
1526146
1526147
1526148
1526149
1526180
1526181
1526182
1526183
1526184
1526185
1526186
1526187
1526188
1526189
1529550
1529551
1529552
1529553
1529554
1529555
1529556
1529557
1529558
1529559
1529570
1529571
1529572
1529573
1529574
1529575
1529576
1529577
1529578
1529579
1529835
1529836
1529837
1529838
1529839
1570518
1571514
1571515
1571516
1571517
1571518
1571519
1572060
1572061
1572062
1572080
1572081
1572082
1572290
1572291
1572292
1572487
1572488
1572489
1575176
1575182
1575183
1575184
1575185
1575186
1575187
1575188
1579424
1579427
1579428
1579429
1580514
1580515
1580516
1580517
1580518
1580519
1585050
1585051
1585052
1585053
1585054
1585055
1585056
1585057
1585058
1585059
1585060
1585061
1585062
1585063
1585064
1585065
1585066
1585067
1585068
1585069
1585070
1585071
1585072
1585073
1585074
1585075
1585076
1585077
1585078
1585079
1585180
1585181
1585182
1585183
1585184
1585185
1585186
1585187
1585188
1585189
1585290
1585291
1585292
1585293
1585294
1586180
1586181
1586182
1589580
1589581
1589582
1589583
1589584
1589585
1589586
1589587
1589588
1589589
1589590
1589591
1589592
1589593
1589594
1589595
1589596
1589597
1589598
1589599
1589644
1589645
1590514
1590515
1590516
1590517
1590518
1590519
1595045
1595046
1595047
1595048
1595049
1595050
1595051
1595052
1595053
1595054
1595055
1595056
1595057
1595058
1595059
1595100
1595101
1595102
1595103
1595107
1595108
1595160
1595161
1595162
1595163
1595164
1595165
1595166
1595167
1595168
1595169
1595170
1595171
1595172
1595173
1595174
1595175
1595176
1595177
1595178
1595179
1595180
1595181
1595182
1595183
1595184
1595185
1595186
1595187
1595188
1595189
1595190
1595191
1595192
1595193
1595194
1595195
1595196
1595197
1595198
1595199
1595200
1595201
1595202
1595203
1595204
1595205
1595206
1595207
1595208
1595209
1599620
1599621
1599622
1599623
1599624
1599625
1599626
1599627
1599628
1599629
1599630
1599631
1599632
1599633
1599634
1599635
1599636
1599637
1599638
1599639
1599640
1599641
1599642
1599643
1599644
1599645
1599646
1599647
1599648
1599649
1820508
1820509
1820514
1820515
1820516
1820517
1820518
1820519
1824878
1824879
1825180
1825181
1825182
1825183
1825184
1825185
1825186
1825187
1825188
1825189
1825190
1825191
1825192
1825193
1825194
1825195
1825196
1825197
1825198
1825199
1825200
1825201
1825202
1825203
1825204
1825205
1825206
1825207
1825208
1825209
1826000
1826001
1826002
1826003
1826004
1826005
1826006
1826007
1826008
1826009
1826040
1826041
1826114
1826192
1826193
1826194
1826260
1826261
1826262
1826263
1826264
1830514
1830515
1830516
1830517
1830518
1830519
1834465
1834466
1835100
1835144
1835145
1835180
1835181
1835182
1835183
1835184
1835185
1835186
1835187
1835188
1835189
1835190
1835191
1835192
1835193
1835194
1835195
1835196
1835197
1835198
1835199
1835264
1836045
1836046
1836085
1836086
1836205
1836206
1836207
1836208
1836209
1836290
1836291
1836292
1836293
1836294
1836295
1836296
1836297
1836298
1836299
1840250
1840251
1840252
1840253
1840254
1840255
1840256
1840257
1840258
1840259
1870514
1870515
1870516
1870517
1870518
1870519
1872400
1872401
1872402
1875180
1875181
1875182
1875183
1875184
1875185
1875186
1875187
1875188
1875189
1875190
1875191
1875192
1875193
1875194
1875195
1875196
1875197
1875198
1875199
1875200
1875201
1875202
1875203
1875204
1875205
1875206
1875207
1875208
1875209
1876160
1876161
1876162
1876163
1876164
1876165
1876166
1876167
1876168
1876169
1876180
1876181
1876182
1876183
1876184
1876185
1876186
1876187
1876188
1876189
1876240
1879546
1879580
1879581
1879582
1879583
1879584
1879585
1879586
1879587
1879588
1879589
1879590
1879591
1879592
1879593
1879594
1879595
1879596
1879597
1879598
1879599
1880158
1880159
1880514
1880515
1880516
1880517
1880518
1880519
1881621
1885100
1885101
1885102
1885103
1885104
1885105
1885106
1885107
1885108
1885109
1885110
1885111
1885112
1885113
1885114
1885115
1885116
1885117
1885118
1885119
1885160
1885161
1885162
1885163
1885164
1885165
1885166
1885167
1885168
1885169
1885170
1885171
1885172
1885173
1885174
1885175
1885176
1885177
1885178
1885179
1885180
1885181
1885182
1885183
1885184
1885185
1885186
1885187
1885188
1885189
1885190
1885191
1885192
1885193
1885194
1885195
1885196
1885197
1885198
1885199
1885200
1885201
1885202
1885203
1885204
1885205
1885206
1885207
1885208
1885209
1886084
1886094
1886095
1886096
1300025
1300026
1300028
1300029
1300030
1300031
1300032
1300250
1300251
1300252
1300253
1300254
1300255
1300256
1300257
1300258
1300259
1300340
1300341
1300342
1301034
1301693
1301694
1301695
1301696
1301697
1301698
1301699
1302250
1302251
1302252
1302253
1302254
1302255
1302256
1302257
1302258
1302259
1302340
1302341
1302342
1303254
1303255
1304250
1304251
1304252
1304253
1304254
1304255
1304256
1304257
1304258
1304259
1304750
1304751
1304752
1304753
1304754
1304755
1304756
1304757
1305750
1305751
1305752
1305753
1305754
1305755
1305756
1305757
1305758
1305759
1305760
1305761
1305762
1305763
1305764
1305765
1305766
1305767
1305768
1305769
1306250
1306251
1306252
1306253
1306254
1306255
1306256
1306257
1306258
1306259
1307250
1307251
1307252
1307253
1307254
1307255
1307256
1307257
1307258
1307259
1307340
1307341
1307342
1307343
1307344
1307345
1307346
1307347
1307348
1307349
1308254
1308255
1310184
1310188
1310189
1311500
1311501
1311502
1311503
1311504
1314070
1314071
1314072
1314073
1314074
1314075
1314076
1314077
1314078
1314079
1314165
1314166
1314167
1314168
1314169
1314280
1314281
1314282
1314283
1314284
1314512
1314513
1314514
1314515
1314516
1314517
1314518
1314519
1315105
1315106
1315107
1315108
1315109
1315140
1315141
1315142
1315152
1315153
1315154
1315155
1315156
1315157
1315158
1315159
1316002
1316003
1316004
1316005
1316006
1316007
1316008
1316009
1316046
1316047
1317407
1317408
1317409
1318280
1318281
1318282
1318283
1318284
1318285
1318286
1318287
1318288
1318289
1318290
1318291
1318292
1318293
1318294
1318295
1318296
1318297
1318298
1318299
1318640
1318641
1318642
1318643
1321800
1321801
1321802
1321803
1321804
1321805
1321806
1321807
1321808
1321809
1321848
1321849
1321888
1321889
1322200
1322201
1322202
1322203
1322204
1322205
1322206
1322207
1322208
1322209
1322243
1322244
1322272
1322273
1322274
1322275
1322276
1322277
1322278
1322279
1323640
1323641
1323650
1323651
1323652
1323653
1323654
1323655
1323656
1323657
1323658
1323659
1324520
1324521
1324522
1324523
1324524
1324525
1324526
1324527
1324528
1324529
1324580
1324581
1324582
1324583
1324584
1324585
1324586
1324587
1324588
1324589
1325526
1325527
1325528
1325529
1326070
1326071
1326072
1326073
1326074
1326075
1326076
1326077
1326078
1326079
1326080
1326081
1326082
1326083
1326084
1326085
1326086
1326087
1326088
1326090
1326091
1326092
1326093
1326094
1326095
1326096
1326097
1326098
1326099
1327044
1327045
1327070
1327071
1327072
1327073
1327074
1327075
1327080
1327081
1327082
1327083
1327084
1327085
1327086
1327087
1327088
1327089
1327660
1327661
1327662
1327663
1327664
1327665
1327666
1327667
1327668
1329126
1329127
1329128
1329129
1560158
1560159
1560514
1560515
1560516
1560517
1560518
1560519
1565100
1565101
1565102
1565103
1565107
1565108
1565160
1565161
1565162
1565163
1565164
1565165
1565166
1565167
1565168
1565169
1565170
1565171
1565172
1565173
1565174
1565175
1565176
1565177
1565178
1565179
1565180
1565181
1565182
1565183
1565184
1565185
1565186
1565187
1565188
1565189
1565190
1565191
1565192
1565193
1565194
1565195
1565196
1565197
1565198
1565199
1569521
1569529
1850140
1850250
1850251
1850252
1850253
1850254
1850255
1850256
1851250
1851251
1851252
1851253
1851254
1851255
1851256
1851257
1851258
1851259
1855140
1855141
1855142
1855143
1855160
1855161
1855162
1855163
1855164
1855165
1855166
1855167
1855168
1855169
1855170
1855171
1855172
1855173
1855174
1855175
1855176
1855177
1855178
1855179
1855180
1855181
1855182
1855183
1855184
1855185
1855186
1855187
1855197
1855198
1855226
1855227
1855228
1855278
1860140
1860250
1860251
1860252
1860253
1860254
1860255
1860256
1860619
1862515
1862516
1862517
1862518
1862519
1862641
1862642
1862643
1862644
1862645
1862646
1865160
1865161
1865162
1865163
1865164
1865165
1865166
1865167
1865168
1865169
1865180
1865181
1865182
1865183
1865184
1865185
1865186
1865187
1865188
1865189
1865190
1865200
1865201
1865202
1865203
1865204
1865205
1865206
1865207
1865208
1865209
1865290
1865291
1865292
1865293
1865294
1865295
1865296
1865297
1865298
1865299
1866120
1866270
1866271
1866272
1869497
1869498
1869499
1815100
1815101
1815102
1815103
1815160
1815161
1815162
1815163
1815164
1815165
1815166
1815167
1815168
1815169
1845234
1845235
1845236
1845237
1845238
1888800
1888811
1450800
1450801
1450802
1450803
1450804
1450805
1450806
1450807
1450808
1450809
1450810
1450811
1450812
1450813
1450814
1450815
1450816
1450817
1450818
1450819
1450820
1450821
1450822
1450823
1450824
1450825
1450826
1450827
1450828
1450829
1450839
1452600
1452601
1452603
1452604
1452605
1452606
1453600
1453601
1453602
1453603
1453604
1453605
1453630
1453631
1453632
1453633
1453634
1454420
1454432
1470514
1470515
1470516
1470517
1470518
1470519
1475106
1475107
1475108
1475109
1475120
1475121
1475122
1475123
1475124
1475125
1475126
1475127
1475160
1475161
1475162
1475163
1475164
1475165
1475166
1475167
1475168
1475169
1475170
1475171
1475172
1475173
1475174
1475175
1475176
1475177
1475178
1475179
1475180
1475181
1475182
1475183
1475184
1475185
1475186
1475187
1475188
1475189
1475190
1475191
1475192
1475193
1475194
1475195
1475196
1475197
1475198
1475199
1476084
1476088
1476186
1476187
1476244
1476288
1476289
1476290
1476291
1476292
1476293
1476294
1476295
1476296
1476297
1476298
1476299
1476551
1452602