1330800
1330801
1330802
1330803
1330804
1330805
1330806
1330807
1330808
1330809
1330817
1330818
1330819
1330820
1330821
1330822
1330823
1332068
1332084
1332093
1332094
1332095
1332096
1332098
1332099
1333068
1333084
1333093
1333094
1333095
1333096
1333098
1333099
1334068
1334079
1334084
1334093
1334094
1334095
1334096
1334098
1334099
1334880
1334881
1334882
1334883
1334884
1334885
1334886
1334887
1334888
1334889
1334890
1334891
1334892
1334893
1334894
1334895
1334896
1334897
1334898
1334899
1335005
1335006
1335007
1335008
1335009
1335012
1335043
1335052
1335053
1335069
1335070
1335071
1335082
1335083
1335084
1335085
1335086
1335087
1335088
1335089
1337810
1337811
1337812
1337831
1337835
1337836
1338816
1338817
1338818
1338819
1338824
1338825
1338830
1339814
1339815
1339816
1339817
1339818
1339819
1339830
1339831
1530800
1530801
1530802
1530803
1530804
1530805
1530806
1530807
1530808
1530809
1530817
1530818
1530819
1530820
1530821
1530822
1530823
1530835
1530836
1530837
1530838
1530839
1530903
1532800
1532801
1532802
1532803
1532804
1532805
1532806
1532807
1532808
1532809
1532817
1532818
1532819
1532849
1532874
1532875
1532876
1532877
1532878
1533134
1533138
1533139
1534817
1534818
1534819
1535120
1535121
1535122
1535132
1535138
1535139
1537817
1537818
1537819
1537820
1537831
1537833
1537834
1537845
1537846
1537862
1537863
1537864
1537865
1537866
1537867
1538810
1538811
1538812
1538813
1538814
1538815
1538816
1538817
1538818
1538819
1538820
1538821
1538822
1538823
1538824
1538825
1538826
1538844
1539000
1539001
1539002
1539003
1539004
1539005
1539006
1539007
1539008
1539009
1539019
1539036
1539040
1539041
1539042
1539043
1539044
1539760
1539761
1539762
1539763
1539764
1539770
1539771
1800050
1800051
1800052
1800053
1800054
1800055
1800056
1800057
1800058
1800059
1800800
1800801
1800802
1800803
1800804
1800805
1800806
1800807
1800808
1800809
1801050
1801051
1801052
1801053
1801054
1801055
1801056
1801057
1801058
1801059
1801060
1801061
1801062
1801063
1801064
1801065
1801066
1801067
1801068
1801069
1801128
1801129
1801130
1801131
1801132
1801133
1801134
1801135
1801136
1801137
1801138
1801139
1801140
1801141
1801142
1801143
1801144
1801145
1801146
1801147
1801148
1801149
1801150
1801151
1801152
1801153
1801154
1801155
1801156
1801157
1801158
1801159
1803040
1803041
1803042
1803043
1803044
1803045
1803046
1803047
1803048
1803049
1803050
1803051
1803052
1803053
1803054
1803055
1803056
1803057
1803058
1803059
1803060
1803061
1803062
1803063
1803064
1803065
1803066
1803067
1803068
1803069
1803070
1803071
1803072
1803073
1803074
1803075
1803076
1803077
1803078
1803079
1803080
1803081
1803082
1803083
1803084
1803085
1803086
1803087
1803088
1803089
1804030
1804031
1804032
1804033
1804034
1804035
1804036
1804037
1804802
1804803
1804804
1804805
1804816
1804848
1804850
1804851
1804852
1804853
1804854
1804855
1804856
1804857
1804858
1804859
1804878
1804888
1804889
1806496
1806497
1808000
1808001
1808002
1808003
1808004
1808005
1808006
1808007
1808008
1808009
1808010
1808011
1808012
1808013
1808014
1808015
1808016
1808017
1808018
1808019
1808036
1808037
1808038
1808039
1808040
1808041
1808042
1808043
1808044
1808045
1808046
1808047
1808048
1808049
1808053
1808054
1808055
1808056
1808080
1808081
1808082
1808083
1808084
1808085
1808086
1808087
1808088
1808089
1808090
1808091
1808092
1808093
1808094
1808095
1808096
1808097
1808098
1808099
1808100
1808101
1808102
1808103
1808104
1808105
1808106
1808107
1808108
1808109
1808110
1808111
1808112
1808113
1808114
1808115
1808116
1808117
1808118
1808119
1808140
1808141
1808167
1808168
1808169
1808180
1808181
1808182
1808183
1808184
1808185
1808186
1808187
1808188
1808189
1808190
1808191
1808192
1808193
1808194
1808195
1808196
1808197
1808198
1808199
1808480
1808481
1808482
1808483
1808484
1808485
1808486
1808680
1808681
1808682
1808683
1808684
1808685
1808695
1808696
1808950
1808951
1808952
1809006
1809007
1809008
1809009
1809046
1809047
1809060
1809061
1809062
1809063
1809637
1809638
1890800
1890801
1890802
1890803
1890804
1890805
1890806
1890807
1890808
1890809
1890817
1890818
1890819
1890820
1890821
1890822
1890823
1890903
1894284
1894285
1898000
1898001
1898002
1898003
1898004
1898005
1898006
1898007
1898008
1898009
1898036
1898037
1898038
1898040
1898041
1898042
1898043
1898044
1898045
1898046
1898047
1898048
1898049
1898050
1898051
1898052
1898053
1898054
1898055
1898056
1898057
1898058
1898059
1898060
1898061
1898062
1898063
1898064
1898065
1898066
1898067
1898068
1898069
1898070
1898071
1898072
1898073
1898074
1898075
1898076
1898077
1898078
1898079
1898080
1898081
1898082
1898083
1898084
1898085
1898086
1898087
1898088
1898089
1898090
1898091
1898092
1898093
1898094
1898095
1898096
1898097
1898098
1898099
1898170
1898171
1898172
1898173
1898174
1898175
1898176
1898177
1898178
1898179
1898180
1898181
1898182
1898183
1898184
1898185
1898186
1898187
1898188
1898189
1898190
1898191
1898192
1898193
1898194
1898195
1898196
1898197
1898198
1898199
1898200
1898201
1898202
1898203
1898204
1898205
1898206
1898207
1898208
1898209
1898210
1898211
1898212
1898213
1898214
1898215
1898216
1898217
1898218
1898219
1898220
1898221
1898222
1898223
1898224
1898225
1898226
1898227
1898228
1898229
1898290
1898291
1898292
1898293
1898294
1898295
1898296
1898297
1898298
1898299
1899030
1899031
1899032
1899033
1899034
1899035
1899036
1899037
1899038
1899039
1810080
1810081
1810082
1810083
1810800
1810801
1810802
1810803
1810804
1810805
1810806
1810807
1810808
1810809
1810810
1810811
1810812
1810813
1810814
1810815
1810816
1810817
1810818
1810819
1810820
1810821
1810822
1810823
1810824
1810825
1810826
1810827
1810828
1810829
1810900
1810901
1810902
1810903
1810904
1810905
1810906
1810907
1810908
1810909
1811108
1811109
1811110
1811121
1811122
1811123
1811124
1811125
1811126
1811127
1811128
1811129
1811130
1811154
1811155
1811156
1811157
1811158
1811159
1811160
1811161
1811162
1811163
1811164
1811165
1811166
1811167
1811169
1811170
1811300
1811301
1811302
1811303
1811304
1811305
1811306
1811307
1811308
1811309
1811310
1811311
1811312
1811313
1811314
1811315
1811316
1811317
1811318
1811319
1811363
1811364
1811365
1811366
1811367
1811656
1811657
1811658
1811659
1811660
1811661
1811662
1811663
1811664
1811665
1811666
1811667
1811668
1811669
1811670
1812183
1812184
1812186
1812187
1812188
1812195
1812196
1812300
1812301
1812302
1812303
1812321
1812322
1812323
1812324
1812325
1812326
1812327
1812328
1812329
1812330
1812331
1812332
1812333
1812334
1812335
1812336
1812337
1812338
1812339
1812345
1812346
1812349
1814000
1814001
1814002
1814003
1814004
1814005
1814006
1814007
1814008
1814009
1814010
1814011
1814012
1814013
1814014
1814015
1814016
1814017
1814018
1814019
1814020
1814021
1814022
1814023
1814024
1814045
1814046
1814047
1814048
1814049
1814420
1814421
1814433
1814434
1814435
1814436
1814437
1814438
1814439
1816117
1816118
1816119
1816120
1816121
1816122
1816123
1816124
1816125
1816126
1816127
1816128
1816129
1816147
1816148
1818001
1818002
1818003
1818004
1818005
1818006
1818007
1818008
1818009
1818010
1818020
1818021
1818022
1818023
1818040
1818041
1818042
1818043
1818044
1818045
1818046
1818047
1818048
1818049
1818050
1818051
1818052
1818053
1818054
1818055
1818056
1818057
1818058
1818059
1818060
1818061
1818062
1818063
1818064
1818065
1818066
1818067
1818068
1818069
1818070
1818071
1818072
1818073
1818074
1818075
1818076
1818077
1818078
1818079
1818080
1818081
1818082
1818083
1818084
1818085
1818086
1818087
1818088
1818089
1818090
1818091
1818092
1818093
1818094
1818095
1818096
1818097
1818098
1818099
1818134
1818135
1818136
1818137
1818140
1818141
1818142
1818143
1818144
1818145
1818146
1818190
1818191
1818192
1818193
1818194
1818195
1818196
1818197
1818198
1818199
1818327
1818328
1818329
1819027
1819028
1819029
1819030
1819031
1819032
1819033
1819034
1819035
1819036
1819037
1819038
1819039
1819040
1819068
1819069
1819070
1819071
1819072
1819073
1819074
1819075
1819076
1819077
1819078
1819079
1819080
1819081
1819082
1819083
1819084
1819085
1819086
1819087
1819088
1819089
1819090
1819091
1819092
1819093
1819094
1819095
1819096
1819097
1819098
1819099
1340280
1340281
1340282
1340283
1340284
1340285
1340286
1340287
1340288
1340289
1340406
1340407
1340800
1340801
1340802
1340803
1340804
1340805
1340806
1340807
1340808
1340809
1340822
1340840
1340841
1340842
1340843
1340844
1340845
1340846
1340847
1340848
1340849
1340850
1340851
1340852
1340853
1340854
1340855
1340856
1340857
1340858
1340859
1340860
1340861
1340862
1340863
1340864
1340865
1340866
1340867
1340868
1340869
1343800
1343801
1343802
1343803
1343804
1343805
1343806
1343807
1343808
1343809
1343810
1343811
1343812
1343813
1343814
1343815
1343816
1343817
1343818
1343819
1343820
1343821
1343822
1343823
1343824
1343825
1343826
1343827
1343828
1343829
1343830
1343831
1343832
1343833
1343834
1343835
1343836
1343837
1343838
1343839
1343842
1343844
1343845
1343846
1343847
1343848
1343849
1343860
1343861
1343880
1343881
1343882
1343883
1343884
1343885
1343886
1343887
1343888
1343889
1343890
1343891
1343892
1343893
1343894
1343895
1343896
1343897
1343898
1343899
1344011
1344016
1345837
1345838
1345839
1345850
1345851
1345852
1345853
1345854
1345855
1345856
1345857
1345858
1345859
1345860
1345861
1345862
1345863
1345864
1345865
1345866
1345867
1345868
1345869
1345875
1345876
1348890
1348891
1348892
1348893
1348894
1348895
1348896
1348897
1348898
1348899
1350804
1350807
1351810
1351811
1351812
1351813
1351814
1351815
1351816
1351817
1351818
1351819
1351820
1351821
1351835
1351840
1354000
1354001
1354002
1354003
1354004
1354005
1354006
1354007
1354008
1354009
1354010
1354011
1354012
1354013
1354014
1354015
1354016
1354017
1354018
1354019
1354020
1354021
1354022
1354023
1354024
1354025
1354026
1354027
1354028
1354029
1354030
1354031
1354032
1354033
1354034
1354035
1354036
1354037
1354038
1354039
1354040
1354041
1354042
1354043
1354044
1354045
1354046
1354047
1354048
1354049
1354060
1354061
1354062
1354063
1354064
1354065
1354066
1354067
1354068
1354069
1354070
1354071
1354072
1354073
1354074
1354075
1354076
1354077
1354078
1354079
1354080
1354081
1354082
1354083
1354084
1354085
1354086
1354087
1354088
1354089
1354096
1354100
1354101
1354102
1354103
1354104
1354105
1354106
1354107
1354108
1354109
1354110
1354111
1354112
1354113
1354114
1354115
1354116
1354117
1354118
1354119
1354120
1354121
1354122
1354123
1354124
1354125
1354126
1354127
1354128
1354129
1354130
1354131
1354132
1354133
1354134
1354135
1354136
1354137
1354138
1354139
1354143
1354727
1354728
1354729
1354765
1354766
1354767
1354768
1354769
1354780
1354781
1354782
1354783
1354784
1354785
1354786
1354787
1354788
1354789
1354790
1354791
1354792
1354793
1354794
1354795
1354796
1354797
1354798
1354799
1354800
1354801
1354802
1354803
1354804
1354805
1354806
1354807
1354808
1354809
1354810
1354811
1354812
1354813
1354814
1354815
1354816
1354817
1354818
1354819
1354822
1354823
1354824
1355000
1355001
1355002
1355003
1355004
1355005
1355006
1355007
1355008
1355009
1355010
1355011
1355012
1355013
1355014
1355015
1355016
1355017
1355018
1355019
1355020
1355021
1355022
1355023
1355024
1355025
1355026
1355027
1355028
1355029
1355030
1355031
1355032
1355033
1355034
1355035
1355036
1355037
1355038
1355039
1355050
1355051
1355052
1355053
1355054
1355055
1355067
1355068
1355069
1355100
1355101
1355102
1355103
1355104
1355105
1355106
1355107
1355108
1355109
1355110
1355111
1355112
1355113
1355114
1355115
1355116
1355117
1355118
1355119
1355120
1355121
1355122
1355123
1355124
1355125
1355126
1355127
1355128
1355129
1355130
1355131
1355132
1355133
1355134
1355135
1355136
1355137
1355138
1355139
1355170
1355171
1355180
1355181
1355182
1355183
1355184
1355185
1355186
1355187
1355188
1355189
1355860
1355861
1355862
1355863
1355864
1355865
1355866
1355867
1355868
1355869
1355870
1355871
1355872
1355873
1355874
1355875
1355876
1355877
1355878
1355879
1355880
1355881
1355882
1355883
1355884
1355885
1355886
1355887
1355888
1355889
1355893
1356824
1356825
1356830
1356831
1356853
1356854
1356855
1356880
1356881
1356882
1356883
1356884
1356885
1356886
1356887
1356888
1356889
1356890
1356891
1356892
1356893
1356894
1356895
1356896
1356897
1356898
1356899
1360800
1360801
1360802
1360803
1360804
1360805
1360806
1360807
1360808
1360809
1360816
1360817
1360818
1360819
1360820
1360821
1360822
1360823
1361800
1361801
1361802
1361803
1361804
1361805
1361806
1361807
1361808
1361809
1361819
1361901
1362800
1362801
1362802
1362803
1362804
1362805
1362806
1362814
1362901
1364800
1364801
1364802
1364803
1364804
1364805
1364806
1364807
1364808
1364809
1364813
1364814
1364901
1365800
1365801
1365802
1365803
1365804
1365805
1365806
1365807
1365808
1365809
1365814
1365901
1366610
1366611
1366612
1366613
1366614
1366615
1366616
1366617
1366618
1366619
1366620
1366621
1366622
1366623
1366624
1366625
1366626
1366627
1366628
1366629
1366810
1366811
1366812
1366813
1366814
1366815
1366816
1366817
1366818
1366819
1366820
1366821
1366822
1366823
1366824
1366825
1366826
1366827
1366828
1366829
1367800
1367801
1367802
1367803
1367804
1367805
1367806
1367807
1367808
1367809
1367810
1367811
1367812
1367813
1367814
1367815
1367816
1367817
1367818
1367819
1367821
1367824
1367900
1367901
1367902
1367903
1367904
1367905
1367906
1367907
1367908
1367909
1367964
1367965
1367966
1368340
1368341
1368342
1368343
1368344
1368345
1368346
1368347
1368348
1368349
1368400
1368401
1368402
1368403
1368404
1368405
1368406
1368407
1368408
1368409
1368410
1368411
1368412
1368413
1368414
1368800
1368801
1368802
1368803
1368804
1368805
1368806
1368807
1368808
1368809
1368810
1368811
1368812
1368813
1368814
1368815
1368816
1368817
1368818
1368819
1368824
1368825
1368827
1368830
1368831
1368832
1368833
1368834
1368835
1368836
1368837
1368838
1368839
1368840
1368841
1368842
1368843
1368844
1368845
1368846
1368847
1368848
1368849
1368900
1368901
1368902
1368903
1368904
1368905
1368906
1368907
1368908
1368909
1369340
1369341
1369342
1369343
1369344
1369345
1369346
1369347
1369348
1369349
1369607
1369608
1369832
1369837
1369900
1369901
1369902
1369903
1369904
1369905
1369906
1369907
1369908
1369909
1369940
1369941
1369942
1369943
1369944
1369945
1369946
1369947
1369948
1369949
1370094
1370800
1370801
1370802
1370803
1370804
1370805
1370806
1370807
1370808
1370809
1370816
1370817
1370818
1370819
1370820
1370821
1370822
1370823
1370824
1370826
1370900
1370901
1370902
1370903
1370904
1370905
1370906
1370907
1370908
1370909
1373060
1373061
1373062
1373063
1373064
1373065
1373066
1373067
1373068
1373069
1373072
1373073
1373080
1373081
1373082
1373083
1373084
1373085
1373086
1373087
1373088
1373089
1373490
1373491
1373940
1373941
1373942
1373943
1373944
1373945
1373946
1373947
1373948
1373949
1374081
1377848
1377849
1377880
1377881
1377882
1377883
1377884
1377885
1377886
1377887
1377888
1377889
1377898
1377899
1379550
1379551
1379552
1379553
1379554
1379570
1379571
1379572
1379573
1380028
1380800
1380801
1380802
1380803
1380804
1380805
1380806
1380807
1380808
1380809
1380816
1380817
1380818
1380819
1380820
1380821
1380822
1380823
1388000
1388001
1388002
1388003
1388004
1388005
1388006
1388007
1388008
1388009
1388010
1388011
1388012
1388013
1388014
1388015
1388016
1388017
1388018
1388019
1388020
1388021
1388022
1388023
1388024
1388025
1388026
1388027
1388028
1388029
1388030
1388031
1388032
1388033
1388034
1388035
1388036
1388037
1388038
1388039
1388040
1388041
1388042
1388043
1388044
1388045
1388046
1388047
1388048
1388049
1388050
1388051
1388052
1388053
1388054
1388055
1388056
1388057
1388058
1388059
1388060
1388061
1388062
1388063
1388064
1388065
1388066
1388067
1388068
1388069
1388070
1388071
1388072
1388073
1388074
1388075
1388076
1388077
1388078
1388079
1388080
1388081
1388082
1388083
1388084
1388085
1388086
1388087
1388088
1388089
1388090
1388091
1388092
1388093
1388094
1388095
1388096
1388097
1388098
1388099
1388170
1388171
1388172
1388173
1388174
1388175
1388176
1388177
1388178
1388179
1388180
1388181
1388182
1388183
1388184
1388185
1388186
1388187
1388188
1388189
1388190
1388191
1388192
1388193
1388194
1388195
1388196
1388197
1388198
1388199
1388200
1388201
1388202
1388203
1388204
1388205
1388206
1388207
1388208
1388209
1388210
1388211
1388212
1388213
1388214
1388215
1388216
1388217
1388218
1388219
1388220
1388221
1388222
1388223
1388224
1388225
1388226
1388227
1388228
1388229
1388290
1388291
1388292
1388293
1388294
1388295
1388296
1388297
1388298
1388299
1389030
1389031
1389032
1389033
1389034
1389035
1389036
1389037
1389038
1389039
1390080
1390081
1390800
1390801
1390802
1390803
1390804
1390805
1390806
1390807
1390808
1390809
1390817
1390818
1390819
1390820
1390821
1390822
1390823
1390903
1398000
1398001
1398002
1398003
1398004
1398005
1398006
1398007
1398008
1398009
1398036
1398037
1398038
1398040
1398041
1398042
1398043
1398044
1398045
1398046
1398047
1398048
1398049
1398050
1398051
1398052
1398053
1398054
1398055
1398056
1398057
1398058
1398059
1398060
1398061
1398062
1398063
1398064
1398065
1398066
1398067
1398068
1398069
1398070
1398071
1398072
1398073
1398074
1398075
1398076
1398077
1398078
1398079
1398080
1398081
1398082
1398083
1398084
1398085
1398086
1398087
1398088
1398089
1398090
1398091
1398092
1398093
1398094
1398095
1398096
1398097
1398098
1398099
1398170
1398171
1398172
1398173
1398174
1398175
1398176
1398177
1398178
1398179
1398180
1398181
1398182
1398183
1398184
1398185
1398186
1398187
1398188
1398189
1398190
1398191
1398192
1398193
1398194
1398195
1398196
1398197
1398198
1398199
1398200
1398201
1398202
1398203
1398204
1398205
1398206
1398207
1398208
1398209
1398210
1398211
1398212
1398213
1398214
1398215
1398216
1398217
1398218
1398219
1398220
1398221
1398222
1398223
1398224
1398225
1398226
1398227
1398228
1398229
1398290
1398291
1398292
1398293
1398294
1398295
1398296
1398297
1398298
1398299
1399030
1399031
1399032
1399033
1399034
1399035
1399036
1399037
1399038
1399039
1500280
1500281
1500282
1500283
1500284
1500285
1500286
1500287
1500288
1500289
1500820
1500821
1500822
1500823
1500824
1500825
1500826
1500827
1500828
1500829
1500840
1500841
1500842
1500843
1500844
1500845
1500846
1500847
1500848
1500849
1508210
1508211
1508212
1508213
1508214
1508232
1508233
1508234
1508235
1510280
1510281
1510282
1510283
1510284
1510285
1510286
1510287
1510288
1510289
1510813
1510814
1510815
1510820
1510821
1510822
1510823
1510824
1510825
1510826
1510827
1510828
1510829
1510830
1510831
1510832
1510833
1510834
1510835
1510836
1510837
1510838
1510839
1510840
1510841
1510842
1510843
1510844
1510845
1510846
1510847
1510848
1510849
1511400
1511401
1511402
1511403
1511404
1511405
1511406
1511407
1511408
1511409
1518215
1518216
1518217
1518218
1518219
1518220
1518221
1518222
1518223
1518224
1518320
1518321
1518322
1518323
1518324
1518330
1518331
1518332
1518333
1518334
1518373
1518374
1518375
1518376
1518377
1518378
1518379
1518430
1518431
1518432
1518433
1518434
1518435
1518436
1518437
1518438
1518439
1518440
1518441
1518442
1518443
1518444
1518445
1518446
1518447
1518448
1518449
1519645
1519646
1519647
1519648
1519649
1519658
1519659
1519660
1519661
1519662
1519663
1519664
1519665
1519666
1519667
1519668
1519669
1519680
1519681
1519682
1519683
1519684
1519800
1519801
1519802
1519803
1519804
1519805
1519806
1519807
1519808
1519809
1519810
1519811
1519812
1519813
1519814
1519815
1519816
1519817
1519818
1519819
1519820
1519821
1519822
1519823
1519824
1519825
1519826
1519827
1519828
1519829
1520280
1520281
1520282
1520283
1520284
1520285
1520286
1520287
1520288
1520289
1520810
1520811
1520812
1520813
1520814
1520815
1520816
1520817
1520818
1520819
1520820
1520821
1520822
1520823
1520824
1520825
1520826
1520827
1520828
1520829
1520830
1520831
1520832
1520833
1520834
1520835
1520836
1520837
1520838
1520839
1520840
1520841
1520842
1520843
1520844
1520845
1520846
1520847
1520848
1520849
1522880
1522881
1522882
1522883
1522884
1522885
1522886
1522887
1522888
1522889
1522890
1522891
1522892
1522893
1522894
1522895
1522896
1522897
1522898
1522899
1524480
1524481
1524482
1524483
1524484
1528100
1528101
1528102
1528103
1528104
1528105
1528106
1528107
1528108
1528109
1528220
1528221
1528222
1528223
1528224
1528225
1528226
1528227
1528228
1528229
1528230
1528231
1528232
1528233
1528234
1528235
1528236
1528237
1528238
1528239
1528320
1528321
1528322
1528323
1528324
1528373
1528374
1528375
1528376
1528377
1528378
1528379
1528497
1528498
1528499
1570060
1570061
1570062
1570063
1570064
1570280
1570281
1570282
1570283
1570284
1570285
1570286
1570287
1570288
1570289
1570840
1570841
1570842
1570843
1570844
1570845
1570846
1570847
1570848
1570849
1571800
1571801
1571802
1571803
1571804
1571805
1571940
1571941
1571942
1571943
1571944
1571945
1571946
1571947
1571948
1571949
1572970
1572972
1573150
1573151
1573152
1573153
1573154
1575620
1575621
1575622
1575623
1575624
1575625
1575626
1575627
1575628
1575629
1575630
1575631
1575632
1575633
1575634
1575635
1575636
1575637
1575638
1575639
1575640
1575641
1575642
1575643
1575644
1575645
1575646
1575647
1575648
1575649
1575650
1575651
1575652
1575653
1575654
1575655
1575656
1575657
1575658
1575659
1575660
1575661
1575662
1575663
1575664
1575665
1575666
1575667
1575668
1575669
1576000
1576001
1576002
1576003
1576004
1576030
1576031
1576032
1576033
1576034
1576035
1576036
1576037
1576038
1576039
1577510
1577511
1577512
1577513
1577514
1577515
1577516
1577517
1577518
1577519
1577530
1577531
1577532
1577533
1577534
1577544
1577545
1579480
1579481
1579482
1579483
1579484
1579485
1579486
1579487
1579488
1579489
1580280
1580281
1580282
1580283
1580284
1580285
1580286
1580287
1580288
1580289
1582800
1582801
1582802
1582803
1582804
1582805
1582806
1582807
1582808
1582809
1582810
1582811
1582812
1582813
1582814
1582815
1582816
1582817
1582818
1582819
1582820
1582821
1582822
1582823
1582824
1582825
1582826
1582827
1582828
1582829
1582830
1582831
1582832
1582833
1582834
1582835
1582836
1582837
1582838
1582839
1582840
1582841
1582842
1582843
1582844
1582845
1582846
1582847
1582848
1582849
1582850
1582851
1582852
1582853
1582854
1582855
1582856
1582857
1582858
1582859
1582860
1582861
1582862
1582863
1582864
1582865
1582866
1582867
1582868
1582869
1588100
1588101
1588102
1588103
1588104
1588105
1588106
1588107
1588108
1588109
1588110
1588111
1588112
1588113
1588114
1588115
1588116
1588117
1588118
1588119
1588200
1588201
1588202
1588203
1588204
1588205
1588206
1588207
1588208
1588209
1588210
1588211
1588212
1588213
1588214
1588215
1588216
1588217
1588218
1588219
1588220
1588221
1588222
1588223
1588224
1588225
1588226
1588227
1588228
1588229
1588230
1588231
1588232
1588233
1588234
1588235
1588236
1588237
1588238
1588239
1588240
1588241
1588242
1588243
1588244
1588245
1588246
1588247
1588248
1588249
1588320
1588321
1588322
1588323
1588324
1588330
1588331
1588332
1588333
1588334
1588420
1588421
1588422
1588423
1588424
1588430
1588431
1588432
1588433
1588434
1588440
1588441
1588442
1588443
1588444
1588445
1588446
1588447
1588448
1588449
1588450
1588451
1588452
1588453
1588454
1588455
1588456
1588457
1588458
1588459
1589230
1589231
1589232
1589233
1589234
1589270
1589271
1589272
1589273
1589274
1590280
1590281
1590282
1590283
1590284
1590285
1590286
1590287
1590288
1590289
1590810
1590811
1590812
1590813
1590814
1590815
1590816
1590817
1590818
1590819
1590831
1590841
1592800
1592801
1592802
1592803
1592804
1592805
1592806
1592807
1592808
1592809
1592810
1592811
1592812
1592813
1592814
1592815
1592816
1592817
1592818
1592819
1592834
1592835
1592840
1592841
1592842
1592843
1592844
1592845
1592846
1592847
1592848
1592849
1592850
1592851
1592852
1592853
1592854
1592855
1592856
1592857
1592858
1592859
1592860
1592861
1592862
1592863
1592864
1592865
1592866
1592867
1592868
1592869
1592870
1592871
1592872
1592873
1592874
1592875
1592876
1592877
1592878
1592879
1592880
1592881
1592882
1592883
1592884
1592885
1592886
1592887
1592888
1592889
1592890
1592891
1592892
1592893
1592894
1592895
1592896
1592897
1592898
1592899
1598200
1598201
1598202
1598203
1598204
1598205
1598206
1598207
1598208
1598209
1598210
1598211
1598212
1598213
1598214
1598215
1598216
1598217
1598218
1598219
1598220
1598221
1598222
1598223
1598224
1598225
1598226
1598227
1598228
1598229
1598230
1598231
1598232
1598233
1598234
1598235
1598236
1598237
1598238
1598239
1598240
1598241
1598242
1598243
1598244
1598245
1598246
1598247
1598248
1598249
1598280
1598281
1598282
1598283
1598284
1598285
1598286
1598287
1598288
1598289
1598320
1598321
1598322
1598323
1598324
1598330
1598331
1598332
1598333
1598334
1598420
1598421
1598422
1598423
1598424
1598430
1598431
1598432
1598433
1598434
1820000
1820001
1820002
1820003
1820004
1820005
1820006
1820007
1820008
1820009
1820010
1820011
1820012
1820013
1820014
1820015
1820016
1820017
1820018
1820019
1820020
1820021
1820022
1820023
1820024
1820025
1820026
1820027
1820028
1820029
1820030
1820031
1820032
1820033
1820034
1820035
1820036
1820037
1820038
1820039
1820040
1820041
1820042
1820043
1820044
1820045
1820046
1820047
1820048
1820049
1820050
1820051
1820052
1820053
1820054
1820055
1820056
1820057
1820058
1820059
1820280
1820281
1820282
1820283
1820284
1820285
1820286
1820287
1820288
1820289
1820810
1820811
1820812
1820813
1820814
1820815
1820816
1820817
1820818
1820819
1821550
1821551
1821552
1821553
1821554
1821555
1821556
1821557
1821558
1821559
1821560
1821561
1821562
1821563
1821564
1821565
1821566
1821567
1821568
1821569
1822400
1822401
1822402
1822403
1822404
1822405
1822406
1822407
1822408
1822409
1822440
1822441
1822442
1822443
1822444
1822445
1822446
1822447
1822448
1822449
1822740
1822741
1822742
1822760
1822761
1822762
1822763
1822764
1822765
1822766
1822767
1822768
1822769
1822780
1822781
1822782
1822783
1822784
1822790
1822791
1822792
1822793
1822794
1822800
1822801
1822802
1822803
1822804
1822805
1822806
1822807
1822808
1822809
1822810
1822811
1822812
1822813
1822814
1822815
1822816
1822817
1822818
1822819
1822820
1822821
1822822
1822823
1822824
1822825
1822826
1822827
1822828
1822829
1822840
1822841
1822842
1822843
1822844
1822845
1822846
1822847
1822848
1822849
1822850
1822851
1822852
1822853
1822854
1822855
1822856
1822857
1822858
1822859
1824420
1824421
1824422
1824423
1824424
1824425
1824426
1824427
1824428
1824429
1824430
1824431
1824432
1828000
1828001
1828002
1828003
1828004
1828005
1828006
1828007
1828008
1828009
1828010
1828011
1828012
1828013
1828014
1828015
1828016
1828017
1828018
1828019
1828020
1828021
1828022
1828023
1828024
1828025
1828026
1828027
1828028
1828029
1828030
1828031
1828032
1828033
1828034
1828035
1828036
1828037
1828038
1828039
1828040
1828041
1828042
1828043
1828044
1828045
1828046
1828047
1828048
1828049
1828232
1828233
1828234
1828235
1828236
1828237
1828238
1828239
1828242
1828243
1828244
1828245
1828246
1828247
1828248
1828249
1828450
1828451
1828452
1828453
1828454
1828455
1828456
1828457
1828458
1828459
1830280
1830281
1830282
1830283
1830284
1830285
1830286
1830287
1830288
1830289
1832800
1832801
1832802
1832803
1832804
1832805
1832806
1832807
1832808
1832809
1832810
1832811
1832812
1832813
1832814
1832815
1832816
1832817
1832818
1832819
1832820
1832821
1832822
1832823
1832824
1832825
1832826
1832827
1832828
1832829
1832830
1832831
1832832
1832833
1832834
1832835
1832836
1832837
1832838
1832839
1832840
1832841
1832842
1832843
1832844
1832845
1832846
1832847
1832848
1832849
1832850
1832851
1832852
1832853
1832854
1832855
1832856
1832857
1832858
1832859
1832860
1832861
1832862
1832863
1832864
1832865
1832866
1832867
1832868
1832869
1832870
1832871
1832872
1832873
1832874
1832875
1832876
1832877
1832878
1832879
1834910
1834911
1834912
1834913
1834914
1834915
1834916
1834917
1834918
1834919
1834920
1834921
1834922
1834923
1834924
1834925
1834926
1834927
1834928
1834929
1834930
1834931
1834932
1834933
1834934
1834935
1834936
1834937
1834938
1834939
1834990
1834991
1834992
1834993
1834994
1838000
1838001
1838002
1838003
1838004
1838005
1838006
1838007
1838008
1838009
1838010
1838011
1838012
1838013
1838014
1838015
1838016
1838017
1838018
1838019
1838020
1838021
1838022
1838023
1838024
1838025
1838026
1838027
1838028
1838029
1838030
1838031
1838032
1838033
1838034
1838035
1838036
1838037
1838038
1838039
1838040
1838041
1838042
1838043
1838044
1838045
1838046
1838047
1838048
1838049
1838100
1838101
1838102
1838103
1838104
1838105
1838106
1838107
1838108
1838109
1838115
1838116
1838117
1838118
1838119
1838140
1838141
1838142
1838143
1838144
1838145
1838155
1838156
1838157
1838158
1838159
1838200
1838201
1838202
1838203
1838204
1838205
1838206
1838207
1838208
1838209
1838210
1838211
1838212
1838213
1838214
1838215
1838216
1838217
1838218
1838219
1838220
1838221
1838222
1838223
1838224
1838225
1838226
1838227
1838228
1838229
1838230
1838231
1838232
1838233
1838234
1838235
1838236
1838237
1838238
1838239
1838240
1838241
1838242
1838243
1838244
1838245
1838246
1838247
1838248
1838249
1838410
1838411
1838412
1838413
1838414
1838415
1838416
1838417
1838418
1838419
1838420
1838421
1838422
1838423
1838424
1838425
1838426
1838427
1838428
1838429
1838470
1838471
1838472
1838473
1838474
1838475
1838476
1838477
1838478
1838479
1839800
1839801
1839802
1839803
1839804
1839805
1839806
1839807
1839808
1839809
1839865
1839866
1839867
1839868
1839869
1840280
1840281
1840282
1840283
1840284
1840285
1840286
1840287
1840288
1840289
1840810
1840811
1840820
1840821
1840822
1840823
1840824
1840825
1840826
1840827
1840828
1840829
1842800
1842801
1842802
1842803
1842804
1842805
1842806
1842807
1842808
1842809
1842810
1842811
1842812
1842813
1842814
1842815
1842816
1842817
1842818
1842819
1842820
1842821
1842822
1842823
1842824
1842825
1842826
1842827
1842828
1842829
1842830
1842831
1842832
1842833
1842834
1842835
1842836
1842837
1842838
1842839
1848100
1848101
1848102
1848103
1848104
1848105
1848106
1848107
1848108
1848109
1848110
1848111
1848112
1848113
1848114
1848115
1848116
1848117
1848118
1848119
1848200
1848201
1848202
1848203
1848204
1848205
1848206
1848207
1848208
1848209
1848210
1848211
1848212
1848213
1848214
1848215
1848216
1848217
1848218
1848219
1848220
1848221
1848222
1848223
1848224
1848225
1848226
1848227
1848228
1848229
1848230
1848231
1848232
1848233
1848234
1848235
1848236
1848237
1848238
1848239
1848290
1848291
1848360
1848361
1848362
1848363
1848364
1848365
1848366
1848367
1848368
1848369
1848370
1848371
1848372
1848373
1848374
1848375
1848376
1848377
1848378
1848379
1870280
1870281
1870282
1870283
1870284
1870285
1870286
1870287
1870288
1870289
1870810
1870811
1870812
1870813
1870814
1870815
1870816
1870817
1870818
1870819
1870820
1870821
1870822
1870823
1870824
1870825
1870826
1870827
1870828
1870829
1872825
1872826
1872827
1872828
1872829
1872830
1872831
1872832
1872833
1872834
1872835
1872836
1872837
1872838
1872839
1872840
1872841
1872842
1872843
1872844
1872845
1872846
1872847
1872848
1872849
1878000
1878001
1878002
1878003
1878004
1878005
1878006
1878007
1878008
1878009
1878010
1878011
1878012
1878013
1878014
1878015
1878016
1878017
1878018
1878019
1878020
1878021
1878022
1878023
1878024
1878025
1878026
1878027
1878028
1878029
1878190
1878191
1878192
1878193
1878194
1878195
1878196
1878197
1878198
1878199
1878200
1878201
1878202
1878203
1878204
1878205
1878206
1878207
1878208
1878209
1878210
1878211
1878212
1878213
1878214
1878215
1878216
1878217
1878218
1878219
1878220
1878221
1878222
1878223
1878224
1878225
1878226
1878227
1878228
1878229
1878240
1878241
1878242
1878243
1878244
1878245
1878246
1878247
1878248
1878249
1878290
1878291
1878292
1878293
1878294
1878295
1878296
1878297
1878298
1878299
1878330
1878331
1878332
1878333
1878334
1878335
1878336
1878337
1878338
1878339
1878430
1878431
1878432
1878433
1878434
1878440
1878441
1878442
1878443
1878444
1880280
1880281
1880282
1880283
1880284
1880285
1880286
1880287
1880288
1880289
1880800
1880801
1880802
1880803
1880804
1880805
1880806
1880807
1880808
1880809
1880820
1880821
1882800
1882801
1882802
1882803
1882804
1882805
1882806
1882807
1882808
1882809
1882810
1882811
1882812
1882813
1882814
1882815
1882816
1882817
1882818
1882819
1882820
1882821
1882822
1882823
1882824
1882825
1882826
1882827
1882828
1882829
1882830
1882831
1882832
1882833
1882834
1882845
1882846
1882847
1882870
1882871
1882872
1882873
1882874
1888000
1888001
1888002
1888003
1888004
1888005
1888006
1888007
1888008
1888009
1888010
1888011
1888012
1888013
1888014
1888015
1888016
1888017
1888018
1888019
1888020
1888021
1888022
1888023
1888024
1888025
1888026
1888027
1888028
1888029
1888030
1888031
1888032
1888033
1888034
1888035
1888036
1888037
1888038
1888039
1888040
1888041
1888042
1888043
1888044
1888045
1888046
1888047
1888048
1888049
1888050
1888051
1888052
1888053
1888054
1888055
1888056
1888057
1888058
1888059
1888060
1888061
1888062
1888063
1888064
1888065
1888066
1888067
1888068
1888069
1888070
1888071
1888072
1888073
1888074
1888075
1888076
1888077
1888078
1888079
1888145
1888146
1888147
1888148
1888149
1888210
1888211
1888212
1888213
1888214
1888215
1888216
1888217
1888218
1888219
1888225
1888226
1888227
1888228
1888229
1888250
1888251
1888252
1888253
1888254
1888400
1888401
1888402
1888403
1888404
1888405
1888406
1888407
1888408
1888409
1888410
1888411
1888412
1888413
1888414
1888415
1888416
1888417
1888418
1888419
1300641
1300810
1300811
1300812
1300813
1300814
1300815
1300816
1300817
1300818
1300819
1301081
1301820
1301821
1301822
1301823
1301824
1301825
1301826
1301827
1301828
1301829
1302810
1302811
1302812
1302813
1302814
1302815
1302816
1302817
1302818
1302819
1303280
1303281
1303282
1303283
1303284
1303285
1303286
1303287
1303288
1303289
1303644
1303660
1303661
1303666
1303667
1303668
1303669
1303814
1303815
1303816
1305641
1305660
1305661
1305666
1305667
1305668
1305669
1306000
1306001
1306002
1306003
1306004
1306005
1306006
1306007
1306008
1306009
1306436
1306437
1307280
1307281
1307282
1307283
1307284
1307285
1307286
1307287
1307288
1307289
1307600
1307601
1307602
1307603
1307604
1307605
1307606
1307607
1307608
1307609
1308440
1308441
1308442
1308443
1308444
1308445
1308446
1308447
1308647
1308648
1308657
1308658
1308660
1308661
1308662
1308663
1308664
1308665
1308666
1308667
1308668
1308669
1308800
1308801
1308802
1308803
1308804
1308805
1308806
1308807
1308808
1308809
1308824
1308830
1308838
1309440
1309441
1309442
1309443
1309444
1309445
1309446
1309447
1309448
1309449
1309602
1309606
1309607
1309615
1309616
1309625
1309630
1309631
1309632
1309633
1309634
1309635
1309636
1309637
1309638
1309639
1309641
1310807
1310820
1310843
1311185
1311186
1311187
1311188
1311189
1311804
1311805
1311834
1311835
1311836
1311840
1311841
1311842
1315461
1315462
1315494
1315495
1315496
1315849
1315876
1315877
1315878
1318364
1318365
1318366
1318380
1318381
1318382
1318383
1318384
1318385
1318386
1318387
1318388
1318389
1318394
1318395
1319476
1319478
1319479
1319486
1319487
1319488
1319489
1319496
1319497
1319498
1319499
1319803
1319804
1319834
1319835
1319836
1319850
1319851
1319852
1319853
1319854
1319855
1319856
1319857
1319858
1319859
1319862
1319870
1319885
1320810
1320811
1320815
1320816
1320817
1320818
1320819
1320837
1321900
1321901
1321902
1321903
1321904
1321905
1321906
1321907
1321908
1321909
1321943
1321945
1321959
1321973
1321974
1321975
1321976
1322810
1322811
1322812
1322813
1322814
1322815
1322816
1322817
1322818
1322819
1322820
1322821
1322822
1322840
1325810
1325811
1325812
1325813
1325814
1325815
1325816
1325817
1325818
1325819
1325820
1325821
1325822
1325823
1325824
1325825
1325826
1325827
1325828
1325829
1325830
1325831
1325832
1325833
1325834
1325835
1325836
1325837
1325838
1325839
1328100
1328101
1328102
1328103
1328104
1328105
1328106
1328107
1328108
1328109
1328110
1328111
1328112
1328113
1328114
1328115
1328116
1328117
1328118
1328119
1328120
1328121
1328122
1328123
1328124
1328125
1328126
1328127
1328128
1328129
1328145
1328146
1328147
1328148
1328149
1328180
1328181
1328182
1328183
1328184
1328185
1328186
1328187
1328188
1328189
1550280
1550281
1550282
1550283
1550287
1550288
1550832
1550844
1550845
1550846
1550847
1550848
1550849
1552039
1552044
1552045
1552046
1552047
1552048
1552049
1552065
1552066
1552067
1552068
1552070
1552071
1552072
1552073
1552074
1552075
1552076
1552077
1552078
1552079
1552081
1552082
1552083
1552084
1552800
1552801
1552802
1552803
1552804
1552805
1552806
1552807
1552808
1552809
1552810
1552811
1552812
1552813
1552814
1552815
1552816
1552817
1552818
1552819
1552820
1552821
1552822
1552823
1552824
1552825
1552826
1552827
1552828
1552829
1552830
1552831
1552832
1552833
1552834
1552835
1552836
1552837
1552838
1552839
1552840
1552841
1552842
1552843
1552844
1552845
1552846
1552847
1552848
1552849
1552868
1552869
1552879
1552886
1558320
1558325
1558326
1558327
1558328
1558329
1558332
1558340
1558341
1558342
1558343
1558344
1558393
1558394
1558395
1558396
1558397
1558398
1558399
1560800
1560801
1560802
1560803
1560804
1560805
1560806
1560807
1560808
1560809
1560817
1560818
1560819
1560820
1560821
1560822
1560823
1560903
1568000
1568001
1568002
1568003
1568004
1568005
1568006
1568007
1568008
1568009
1568036
1568037
1568038
1568040
1568041
1568042
1568043
1568044
1568045
1568046
1568047
1568048
1568049
1568050
1568051
1568052
1568053
1568054
1568055
1568056
1568057
1568058
1568059
1568060
1568061
1568062
1568063
1568064
1568065
1568066
1568067
1568068
1568069
1568070
1568071
1568072
1568073
1568074
1568075
1568076
1568077
1568078
1568079
1568080
1568081
1568082
1568083
1568084
1568085
1568086
1568087
1568088
1568089
1568090
1568091
1568092
1568093
1568094
1568095
1568096
1568097
1568098
1568099
1568150
1568151
1568200
1568201
1568202
1568203
1568204
1568205
1568206
1568207
1568208
1568209
1568210
1568211
1568212
1568213
1568214
1568237
1568238
1568239
1568253
1568254
1568255
1568256
1569285
1569288
1569289
1569293
1569400
1569401
1850280
1850281
1850282
1850283
1850284
1850285
1850286
1850287
1850288
1850289
1850810
1850811
1850819
1850820
1850821
1850822
1850823
1850824
1850828
1850829
1851280
1851281
1851282
1851283
1851284
1851285
1851286
1851287
1851288
1851289
1858175
1858176
1858177
1858178
1858179
1858183
1858184
1858185
1858186
1858187
1858188
1858189
1858195
1858196
1858197
1858198
1858199
1858205
1858285
1858286
1858287
1858288
1858289
1858299
1858322
1858323
1858324
1858325
1858326
1858327
1858328
1858329
1858336
1858337
1858338
1858339
1858344
1858345
1858346
1858360
1858361
1858362
1858363
1858364
1858365
1858366
1858367
1858368
1858369
1858370
1858371
1858372
1858373
1858374
1858375
1858376
1858377
1858378
1858379
1858381
1858382
1858383
1858384
1858385
1858386
1858387
1858390
1858391
1858392
1858393
1858394
1858395
1858396
1858397
1858398
1858399
1858405
1858406
1858407
1858408
1858409
1858410
1858418
1858419
1860280
1860281
1860282
1860283
1860284
1860285
1860286
1860287
1860288
1860289
1860800
1860801
1860802
1860803
1860804
1860805
1860822
1861320
1861321
1861322
1861323
1861327
1861328
1861329
1861570
1861571
1861572
1861574
1861575
1861576
1861577
1861578
1861579
1862800
1862801
1862802
1862803
1862804
1862805
1862806
1862807
1862808
1862809
1862810
1862811
1862812
1862813
1862814
1862815
1862816
1862817
1862818
1862819
1862820
1862821
1862822
1862823
1862824
1862825
1862826
1862827
1862828
1862829
1862830
1862831
1862832
1862833
1862834
1862835
1862836
1862837
1862838
1862839
1862880
1862881
1862882
1862883
1862884
1862885
1862886
1862887
1862888
1862889
1862890
1862891
1862892
1862893
1862894
1862895
1862896
1862897
1862898
1862899
1868122
1868125
1868127
1868135
1868137
1868255
1868256
1868265
1868269
1868273
1868275
1868325
1868329
1868337
1868342
1868343
1868344
1868352
1868356
1868357
1868361
1868362
1868368
1868369
1868371
1868372
1868378
1868379
1868393
1868395
1868400
1868401
1868402
1868403
1868404
1814807
1814808
1814810
1814813
1814814
1814815
1816000
1816001
1816002
1816003
1816004
1816015
1816016
1816017
1888660
1888661
1888662
1888663
1888664
1858150
1858151
1858152
1858153
1858154
1858155
1858156
1858157
1858158
1858159
1858160
1858161
1858230
1858231
1858232
1858234
1858235
1858236
1858237
1858238
1858239
1858240
1858241
1858245
1858246
1858247
1858248
1858249
1858251
1858252
1858253
1858254
1858255
1858256
1858257
1858258
1858259
1858480
1858481
1858482
1858483
1858484
1858485
1858486
1858487
1858488
1858489
1858490
1858491
1858492
1858493
1858494
1858495
1858496
1858497
1858498
1858499
1452800
1452801
1452802
1452803
1452804
1452805
1452806
1452807
1452808
1452809
1452810
1452811
1452828
1452831
1453810
1453811
1453812
1453813
1453814
1454561
1454562
1454570
1454576
1454577
1454870
1454871
1459200
1459201
1459202
1459203
1459204
1459205
1459206
1459207
1459208
1459209
1459210
1459211
1459212
1459213
1459214
1459215
1459216
1459217
1459218
1459219
1459220
1459221
1459222
1459223
1459224
1459225
1459226
1459227
1459228
1459229
1459230
1459231
1459232
1459233
1459234
1459235
1459236
1459237
1459238
1459239
1459240
1459241
1459242
1459243
1459244
1470280
1470281
1470282
1470283
1470284
1470285
1470286
1470287
1470288
1470289
1470800
1470801
1470802
1470803
1470804
1470805
1470806
1470807
1470808
1470809
1470810
1470811
1470812
1470813
1470814
1470816
1470817
1472600
1472601
1472602
1472603
1472604
1472605
1472606
1472607
1472608
1472609
1472612
1472613
1472614
1472615
1472616
1472617
1472618
1472619
1472675
1472676
1476570
1478010
1478011
1478012
1478013
1478014
1478015
1478016
1478017
1478018
1478019
1478030
1478031
1478032
1478033
1478034
1478035
1478036
1478037
1478038
1478039
1478040
1478041
1478042
1478043
1478044