1330305
1330315
1330324
1330325
1330334
1331305
1331315
1331325
1331329
1331550
1331551
1331552
1331553
1331554
1331555
1331556
1331557
1331558
1331559
1332305
1332315
1332325
1332329
1333305
1333315
1333325
1333329
1334305
1334315
1334325
1334329
1336315
1336320
1336321
1336322
1336323
1336324
1336325
1336326
1336327
1336328
1336329
1336336
1336337
1336338
1336339
1337305
1337315
1337325
1337329
1337345
1337355
1337357
1337359
1338305
1338315
1338324
1338325
1338334
1339305
1339315
1339325
1530315
1530324
1530325
1532402
1532405
1532412
1532415
1532422
1532425
1532432
1532435
1533315
1533325
1533328
1535063
1535064
1535065
1535066
1535067
1535405
1535415
1535425
1535435
1535445
1535446
1536948
1536949
1536950
1536951
1536952
1536953
1536954
1536955
1536956
1536957
1536958
1536959
1537315
1537348
1537349
1537350
1537351
1537352
1537353
1537354
1537355
1537356
1537357
1537358
1537359
1538305
1538315
1538325
1538335
1538375
1538385
1538395
1800315
1800325
1803131
1803132
1803133
1803150
1803151
1803152
1803153
1803154
1803155
1803156
1803157
1803158
1803159
1803164
1803250
1803251
1803252
1803253
1803254
1803255
1803256
1803257
1803258
1803259
1803298
1803405
1803415
1803425
1803434
1803435
1803444
1803445
1890315
1890325
1890337
1890338
1893143
1893144
1893145
1893146
1893147
1893148
1893149
1893150
1893151
1893152
1893153
1893154
1893155
1893156
1893157
1893158
1893159
1893250
1893251
1893252
1893298
1894269
1810315
1810325
1813150
1813151
1813152
1813153
1813154
1813215
1813225
1813226
1813227
1813235
1813236
1813237
1813250
1813251
1813252
1813253
1813254
1813255
1813405
1813415
1813416
1813424
1813425
1340045
1340240
1340241
1340242
1340243
1340244
1340245
1340246
1340247
1340315
1340325
1340335
1346315
1346350
1346351
1346352
1346353
1346354
1346355
1346356
1346357
1346358
1346359
1347290
1347291
1347292
1347293
1347294
1347295
1347296
1347297
1347298
1347315
1347344
1347346
1347347
1347350
1347351
1347352
1347353
1347354
1347355
1347356
1347357
1347358
1347359
1347389
1347390
1347391
1347392
1347393
1348294
1348348
1348350
1348351
1348352
1348353
1348354
1348355
1348356
1348357
1348374
1348375
1348390
1350315
1350325
1350337
1351304
1351305
1351306
1351307
1351315
1351325
1351333
1351339
1351344
1351345
1358250
1358251
1358252
1358253
1358254
1358255
1358256
1358257
1358258
1358259
1358265
1358284
1358285
1358287
1358288
1358289
1358290
1358291
1358292
1358293
1358294
1358295
1360315
1360325
1360329
1360337
1360338
1361315
1361323
1361325
1361333
1362315
1362325
1362333
1363315
1363325
1363330
1363334
1363336
1364315
1365315
1365325
1366315
1366320
1366325
1366329
1366335
1366336
1366337
1367315
1367325
1367329
1370035
1370315
1370324
1370325
1370334
1370337
1370338
1372250
1372251
1372252
1372253
1373049
1373050
1373051
1373150
1373151
1373152
1373153
1373154
1373155
1373156
1373325
1373333
1373982
1373983
1373984
1373985
1373986
1373987
1373988
1373989
1375445
1375450
1375454
1375455
1378025
1378045
1378050
1378053
1378055
1378409
1378410
1378414
1378444
1378460
1378461
1378462
1378463
1378464
1378465
1378466
1378467
1378468
1378469
1378509
1378550
1378551
1378552
1378553
1378554
1378555
1378556
1378557
1380315
1380330
1380331
1380332
1383150
1383151
1383152
1383153
1383154
1383155
1383156
1383157
1383158
1383159
1383250
1383251
1383252
1383253
1383254
1383255
1383256
1383257
1383258
1383259
1383280
1383281
1383282
1383283
1383284
1383285
1383286
1383287
1383288
1383289
1383290
1383291
1383292
1383293
1383294
1383295
1383296
1383297
1383298
1383299
1390315
1390325
1390337
1390338
1393050
1393051
1393052
1393053
1393054
1393055
1393056
1393057
1393058
1393059
1393143
1393144
1393145
1393146
1393147
1393148
1393149
1393150
1393151
1393152
1393153
1393154
1393155
1393156
1393157
1393158
1393159
1393250
1393251
1393252
1393253
1393254
1393255
1393256
1393257
1393258
1393259
1393330
1393331
1393332
1393333
1393334
1393335
1393336
1393337
1393338
1393339
1393340
1393341
1393342
1393343
1393344
1393345
1393346
1393347
1393348
1393349
1500315
1500325
1502745
1502746
1502747
1502748
1502749
1502750
1502751
1502752
1502753
1502754
1502755
1502756
1502757
1502758
1502759
1502760
1502761
1502762
1502763
1502764
1502765
1502766
1502767
1502768
1502769
1503050
1503051
1503052
1503053
1503054
1503055
1503056
1503057
1503058
1503059
1503144
1503150
1503151
1503152
1503153
1503154
1503155
1503156
1503157
1503158
1503159
1503186
1503187
1503188
1503241
1503242
1503243
1503250
1503251
1503252
1503253
1503254
1503255
1503256
1503257
1503258
1503259
1503290
1503291
1503292
1503293
1503294
1503295
1503296
1503297
1503298
1503299
1503315
1503331
1503332
1503333
1503334
1503337
1503338
1503339
1503345
1503346
1503347
1503348
1503349
1503390
1503391
1503392
1503393
1503394
1503395
1503396
1503397
1503398
1503399
1507545
1507550
1507551
1507552
1507553
1507554
1507555
1507556
1507557
1507558
1507559
1507621
1507622
1507623
1507624
1507645
1507650
1507651
1507652
1507653
1507654
1507655
1507656
1507657
1507658
1507659
1508145
1508150
1508151
1508152
1508153
1508154
1508155
1508156
1508157
1508158
1508159
1508164
1508165
1508190
1508191
1508192
1508193
1508194
1508195
1508196
1508197
1508198
1508199
1509750
1509751
1509752
1509753
1509754
1509755
1509756
1509757
1509758
1509759
1510050
1510051
1510052
1510053
1510054
1510055
1510056
1510057
1510058
1510059
1510250
1510251
1510252
1510253
1510254
1510255
1510256
1510257
1510258
1510259
1510315
1510325
1512740
1512741
1512742
1512743
1512744
1512745
1512746
1512747
1512750
1512751
1512752
1512753
1512754
1512755
1512756
1512757
1512758
1512759
1512880
1512881
1512882
1512883
1512884
1512885
1512886
1513050
1513051
1513052
1513053
1513054
1513055
1513056
1513057
1513058
1513059
1513150
1513151
1513152
1513153
1513154
1513155
1513156
1513157
1513158
1513159
1513160
1513250
1513251
1513252
1513253
1513254
1513255
1513256
1513257
1513258
1513259
1513344
1513345
1513346
1513390
1513391
1513392
1513393
1513394
1513395
1513396
1513397
1513398
1513399
1517549
1517550
1517551
1517552
1517553
1517554
1517555
1517556
1517557
1517558
1517559
1517560
1517561
1517562
1517563
1517564
1517650
1517651
1517652
1517653
1517654
1517655
1517656
1517657
1517658
1517659
1517660
1517661
1517662
1517663
1517664
1517665
1517666
1517667
1517668
1517669
1517670
1517671
1517672
1517673
1520315
1520325
1522776
1522777
1522778
1522779
1523050
1523051
1523052
1523053
1523054
1523055
1523056
1523057
1523058
1523059
1523090
1523091
1523092
1523093
1523094
1523095
1523096
1523097
1523098
1523099
1523150
1523151
1523152
1523153
1523154
1523155
1523156
1523157
1523158
1523159
1523240
1523241
1523242
1523243
1523244
1523245
1523246
1523247
1523248
1523249
1523250
1523251
1523252
1523253
1523254
1523255
1523256
1523257
1523258
1523259
1523260
1523261
1523262
1523263
1523264
1523265
1523266
1523267
1523268
1523269
1523270
1523271
1523272
1523273
1523274
1523275
1523276
1523277
1523278
1523279
1523315
1523325
1523330
1523331
1523332
1523333
1523334
1523335
1523336
1523337
1523338
1523339
1524340
1524341
1524342
1524343
1524344
1528424
1528425
1570315
1570325
1571305
1571315
1571325
1571335
1571340
1571341
1571342
1571343
1571344
1571345
1571346
1571347
1571348
1571349
1573200
1573201
1573202
1573203
1573204
1573205
1573206
1573207
1573208
1573209
1573250
1573251
1573252
1573253
1573254
1573255
1573256
1573257
1573258
1573259
1573330
1573331
1573332
1573333
1573334
1573335
1573336
1573337
1573338
1573339
1573379
1573398
1573399
1580315
1580325
1583045
1583050
1583051
1583052
1583053
1583054
1583055
1583056
1583057
1583058
1583150
1583250
1583251
1583252
1583253
1583254
1583255
1583256
1583257
1583258
1583259
1583315
1583325
1583345
1583346
1583347
1583350
1583351
1583352
1583353
1583354
1583355
1583356
1583357
1583358
1583359
1583381
1590315
1590325
1593044
1593045
1593050
1593051
1593052
1593053
1593054
1593055
1593056
1593057
1593058
1593084
1593085
1593089
1593095
1593145
1593148
1593150
1593151
1593152
1593153
1593154
1593155
1593156
1593157
1593158
1593159
1593190
1593191
1593192
1593193
1593200
1593205
1593208
1593215
1593225
1593250
1593251
1593252
1593253
1593254
1593255
1593256
1593257
1593258
1593259
1593304
1593305
1593315
1593325
1593340
1593341
1593342
1820315
1820325
1823015
1823024
1823025
1823150
1823151
1823152
1823153
1823154
1823155
1823156
1823157
1823158
1823159
1823250
1823251
1823252
1823253
1823254
1823255
1823256
1823257
1823258
1823259
1824457
1824468
1830315
1833030
1833031
1833032
1833033
1833034
1833040
1833041
1833042
1833043
1833044
1833045
1833046
1833047
1833048
1833049
1833050
1833051
1833052
1833053
1833054
1833055
1833056
1833057
1833058
1833059
1833150
1833151
1833152
1833153
1833154
1833155
1833156
1833157
1833158
1833159
1833260
1833261
1833262
1833263
1833264
1833265
1833266
1833267
1833268
1833269
1833270
1833271
1833272
1833273
1833274
1833275
1833276
1833277
1833278
1833279
1833290
1833291
1833292
1833293
1833294
1833295
1833296
1833297
1833298
1833299
1833385
1833386
1833387
1833388
1833389
1840305
1840315
1840325
1840333
1870315
1870325
1871280
1871281
1871282
1871283
1871284
1871285
1871286
1871287
1871288
1871289
1871380
1871381
1871382
1871383
1871384
1871385
1871386
1871387
1871388
1871389
1871410
1871411
1871412
1871413
1871414
1871415
1871416
1871417
1871418
1871419
1871605
1871606
1871607
1871608
1871609
1873050
1873051
1873052
1873053
1873054
1873055
1873056
1873057
1873058
1873059
1873150
1873151
1873152
1873153
1873154
1873155
1873156
1873157
1873158
1873159
1873250
1873251
1873252
1873253
1873254
1873255
1873256
1873257
1873258
1873259
1873330
1873331
1873332
1873333
1873334
1873335
1873336
1873337
1873338
1873339
1880305
1880315
1880325
1881205
1881215
1883050
1883051
1883052
1883053
1883054
1883055
1883056
1883057
1883058
1883059
1883150
1883151
1883152
1883153
1883154
1883155
1883156
1883157
1883158
1883159
1883250
1883251
1883252
1883253
1883254
1883255
1883256
1883257
1883258
1883259
1883298
1883330
1883331
1883332
1883333
1883334
1883335
1883336
1883337
1883338
1883339
1883395
1884945
1884950
1884951
1884952
1884953
1884954
1884955
1884956
1300141
1300181
1300184
1301143
1301144
1301150
1301151
1301152
1301201
1301217
1301219
1301328
1301431
1301432
1302088
1302141
1302181
1302184
1303150
1303151
1303152
1303153
1303154
1303155
1303156
1303157
1303158
1304000
1304001
1304002
1304003
1304004
1304005
1304006
1304007
1304008
1304009
1304314
1304315
1308045
1308048
1308113
1308114
1308115
1308116
1308117
1308118
1308119
1309104
1309105
1309106
1309107
1309108
1310260
1310261
1310262
1310263
1310264
1310265
1310266
1310267
1310268
1310269
1310305
1310315
1310325
1311144
1311145
1311146
1311147
1311148
1311149
1313150
1313151
1313152
1313153
1313154
1313155
1313156
1313157
1313158
1313159
1316654
1316658
1317150
1317151
1317152
1317181
1317184
1318016
1318017
1318018
1318019
1318040
1318041
1318042
1318479
1318491
1318499
1319174
1319175
1319176
1319177
1319178
1322315
1322316
1322317
1322318
1322319
1322932
1322935
1322990
1323050
1323051
1323052
1323053
1323054
1323055
1323056
1323057
1323058
1323059
1323080
1323081
1323082
1323083
1323084
1323085
1323086
1323087
1323088
1323089
1323150
1323151
1323152
1323153
1323154
1323155
1323156
1323157
1323158
1323159
1324263
1324264
1327350
1327351
1327352
1327353
1327354
1327355
1327356
1327357
1327358
1327359
1329045
1329053
1329055
1329064
1329065
1329240
1329241
1329242
1329243
1329244
1329245
1329246
1329247
1329248
1329249
1329250
1329251
1329252
1329253
1329254
1329255
1329256
1329257
1329258
1329259
1550309
1550315
1550330
1550331
1550332
1550333
1550334
1550336
1550337
1550338
1550339
1551150
1551151
1551152
1551153
1551154
1551155
1551156
1551157
1551158
1551159
1551190
1551191
1551192
1551193
1551194
1551195
1551196
1551200
1551201
1551202
1551203
1551204
1551250
1551251
1551252
1551253
1551254
1551255
1551256
1551257
1551258
1551259
1553035
1553050
1553051
1553052
1553053
1553054
1553055
1553056
1553057
1553058
1553059
1553080
1553081
1553082
1553083
1553084
1553085
1553086
1553087
1553088
1553089
1553150
1553151
1553152
1553153
1553154
1553155
1553156
1553157
1553158
1553159
1553250
1553251
1553252
1553253
1553254
1553255
1553256
1553257
1553258
1553259
1553315
1553335
1553345
1553346
1553347
1553348
1553349
1553355
1553356
1553357
1553358
1553359
1553385
1553386
1553387
1553388
1553389
1554460
1554461
1554462
1554463
1554464
1554465
1554466
1554467
1554468
1554469
1560315
1561250
1561251
1561252
1561253
1561254
1561255
1561256
1561257
1561258
1561259
1561285
1561286
1561287
1561288
1561289
1561340
1561341
1561342
1561343
1561344
1561345
1561346
1561347
1561348
1561349
1561350
1561351
1561352
1561353
1561354
1561355
1561356
1561357
1561358
1561359
1561380
1561381
1561382
1561383
1561384
1561385
1561386
1561387
1561388
1561389
1561450
1561451
1561452
1561453
1561454
1561455
1561456
1561457
1561458
1561459
1561493
1561494
1561495
1561496
1561497
1561498
1561499
1563050
1563051
1563052
1563053
1563054
1563055
1563056
1563057
1563058
1563059
1563150
1563151
1563152
1563153
1563154
1563155
1563156
1563157
1563158
1563159
1563250
1563251
1563252
1563253
1563254
1563255
1563256
1563257
1563258
1563259
1563280
1563281
1563282
1563283
1563284
1563315
1563330
1563331
1563332
1563333
1563334
1563335
1563336
1563337
1563338
1563339
1563340
1563341
1563342
1563343
1563344
1563345
1563346
1563347
1563348
1563349
1563360
1563361
1563362
1563363
1563364
1563390
1563391
1563392
1563393
1563394
1563395
1563396
1563397
1563398
1563399
1569045
1569050
1569051
1569052
1569053
1569054
1569055
1569056
1569495
1569496
1850315
1853150
1853151
1853152
1853153
1853154
1853155
1853156
1853157
1853158
1853159
1853173
1853174
1853175
1853176
1853177
1853300
1853301
1853302
1853303
1853304
1853305
1853306
1853390
1860315
1860325
1861750
1861751
1861752
1861753
1861754
1861785
1861786
1861787
1861788
1861789
1863050
1863051
1863052
1863053
1863054
1863055
1863077
1863078
1863150
1863151
1863152
1863153
1863154
1863155
1863156
1863157
1863158
1863159
1863250
1863251
1863252
1863253
1863254
1863255
1863256
1863257
1863258
1863259
1863310
1863311
1863312
1863313
1863314
1863315
1863316
1863317
1863318
1863319
1863330
1863331
1863332
1863333
1863334
1863335
1863336
1863337
1863338
1863339
1863340
1863341
1863342
1863343
1863344
1863395
1863396
1863397
1863398
1863399
1863400
1863401
1863402
1863403
1863404
1863415
1863416
1863417
1869425
1869426
1843265
1843275
1843285
1843298
1853250
1853251
1853252
1853253
1853254
1853255
1853256
1853257
1853258
1853259
1853265
1853266
1450252
1450253
1450254
1450255
1450256
1450257
1450258
1450259
1450315
1452150
1452151
1452152
1452153
1452154
1452155
1452156
1452157
1452158
1452159
1454125
1454135
1470302
1470303
1470304
1470305
1470315
1470325
1470334
1473060
1473061
1473062
1473063
1473064
1473070
1473071
1473072
1473073
1473074
1473075
1473076
1473077
1473078
1473079
1475645
1475650
1475651
1475652
1475653
1475654