1330316
1330336
1331306
1331316
1331326
1331336
1331560
1331561
1331562
1331563
1331564
1332306
1332316
1332326
1333306
1333316
1333326
1334306
1334316
1334326
1334336
1336316
1336360
1336361
1336362
1336363
1336364
1336365
1337306
1337316
1337326
1337336
1337346
1337356
1338316
1338336
1338366
1338367
1339306
1339316
1339326
1339336
1530316
1530336
1533316
1533324
1533336
1534316
1535068
1535069
1535070
1535071
1535406
1535416
1535426
1536946
1536947
1536960
1536961
1536962
1536963
1536964
1536965
1536966
1536967
1537316
1537323
1537324
1537325
1537326
1537327
1537328
1537329
1538306
1538316
1538326
1538336
1538376
1538386
1538396
1800316
1800326
1800336
1803160
1803161
1803162
1803163
1803167
1803168
1803169
1803260
1803261
1803262
1803263
1803264
1803360
1803361
1803362
1803363
1803364
1803365
1803366
1803367
1803368
1803369
1803406
1803416
1803426
1803436
1803446
1890316
1890326
1893164
1893165
1893166
1893167
1893168
1893260
1893261
1893262
1894266
1894267
1810316
1810326
1810336
1813160
1813161
1813162
1813163
1813164
1813386
1813387
1813406
1813426
1340316
1346316
1346343
1346360
1346361
1346362
1346363
1346364
1347235
1347236
1347316
1347360
1347361
1347362
1347363
1347364
1347365
1347366
1347367
1347368
1347369
1348360
1348361
1348362
1348363
1348364
1348365
1350316
1350324
1350326
1351300
1351301
1351316
1351326
1358246
1358264
1358266
1358277
1358278
1358279
1358296
1360316
1360326
1360336
1361316
1361326
1361336
1362316
1362326
1363316
1363326
1364316
1365316
1365326
1366316
1366326
1367326
1370034
1370036
1370316
1370326
1372246
1372260
1372261
1372262
1372263
1372264
1372265
1372266
1373036
1373037
1373160
1373161
1373162
1373163
1373326
1375446
1375456
1378026
1378046
1378411
1378412
1378446
1378447
1378477
1378478
1378479
1378480
1378481
1378482
1378546
1378547
1378558
1378559
1378560
1378561
1378562
1378563
1378564
1378565
1378566
1378567
1378568
1378569
1380316
1380322
1383160
1383161
1383162
1383163
1383164
1383165
1383166
1383167
1383168
1383169
1383260
1383261
1383262
1383263
1383264
1383265
1383266
1383267
1383268
1383269
1383344
1383360
1383361
1383362
1383363
1383364
1383365
1383366
1383367
1383368
1383369
1390316
1390326
1393060
1393061
1393062
1393063
1393064
1393065
1393066
1393067
1393068
1393069
1393160
1393161
1393162
1393163
1393164
1393165
1393166
1393167
1393168
1393260
1393261
1393262
1393263
1393264
1393265
1393266
1393267
1393268
1393269
1393392
1393393
1393394
1500316
1500326
1500336
1503045
1503046
1503060
1503061
1503062
1503063
1503064
1503065
1503066
1503067
1503068
1503069
1503160
1503161
1503162
1503246
1503316
1507546
1507560
1507561
1507562
1507563
1507564
1507565
1507566
1507567
1507568
1507569
1507646
1507660
1507661
1507662
1507663
1507664
1507665
1507666
1507667
1507668
1508146
1508166
1508167
1508168
1508169
1509760
1509761
1509762
1509763
1509764
1510036
1510060
1510061
1510062
1510063
1510064
1510065
1510066
1510067
1510068
1510069
1510070
1510071
1510072
1510316
1510326
1510336
1512760
1512761
1512762
1512763
1512764
1512765
1512766
1512767
1512768
1512769
1512841
1512842
1512843
1512844
1512845
1512846
1512865
1512866
1512867
1512868
1512869
1512894
1513260
1513261
1513262
1513263
1513264
1513265
1513266
1513267
1513268
1513269
1513342
1513343
1513360
1513361
1513362
1513363
1513364
1513365
1513366
1513367
1513368
1513369
1517565
1517566
1517567
1517568
1517569
1520316
1520326
1520336
1522665
1522666
1522667
1522668
1522669
1523060
1523061
1523062
1523063
1523064
1523065
1523066
1523067
1523068
1523069
1523160
1523161
1523162
1523163
1523164
1523165
1523306
1523316
1523326
1523366
1523367
1523368
1523369
1524330
1524331
1524332
1524333
1524334
1528426
1528436
1570316
1570326
1571306
1571316
1571326
1571336
1571696
1571762
1571763
1571764
1571765
1571766
1573160
1573161
1573162
1573163
1573164
1573165
1573166
1573167
1573168
1573169
1573260
1573261
1573262
1573263
1573264
1573265
1573266
1573267
1573268
1573269
1573366
1573367
1573368
1580316
1580326
1580336
1583046
1583060
1583061
1583062
1583160
1583161
1583162
1583163
1583164
1583165
1583166
1583167
1583168
1583169
1583260
1583261
1583262
1583263
1583264
1583265
1583266
1583267
1583268
1583316
1590316
1590326
1593046
1593060
1593061
1593062
1593063
1593064
1593065
1593066
1593067
1593068
1593146
1593160
1593161
1593162
1593163
1593164
1593165
1593166
1593206
1593216
1593260
1593261
1593262
1593263
1593264
1593306
1593316
1593326
1593336
1593363
1593364
1820316
1820326
1820336
1823006
1823016
1823034
1823046
1823160
1823161
1823162
1823163
1823164
1823165
1823166
1823167
1823168
1823169
1823245
1823246
1823247
1823248
1823249
1823265
1823266
1823267
1823268
1823269
1823360
1823361
1823362
1823363
1823364
1824454
1830316
1833060
1833061
1833062
1833063
1833064
1833065
1833066
1833067
1833068
1833069
1833160
1833161
1833162
1833163
1833164
1833165
1833166
1833167
1833168
1833169
1833170
1833171
1833172
1833173
1833174
1833360
1833361
1833362
1833363
1833364
1833365
1833366
1833367
1833368
1833369
1840306
1840316
1840326
1870316
1870326
1870336
1871300
1871301
1871302
1871303
1871304
1873060
1873061
1873062
1873063
1873064
1873065
1873066
1873067
1873068
1873069
1873160
1873161
1873162
1873163
1873164
1873165
1873166
1873167
1873168
1873169
1873260
1873261
1873262
1873263
1873264
1873265
1873266
1873267
1873268
1873269
1873360
1873361
1873362
1873363
1873364
1873365
1873366
1873367
1873368
1873369
1880306
1880316
1880326
1880336
1881206
1881216
1883060
1883061
1883062
1883063
1883064
1883160
1883161
1883162
1883163
1883164
1883165
1883166
1883167
1883168
1883169
1883260
1883261
1883262
1883263
1883264
1883265
1883266
1883267
1883268
1883269
1883360
1883361
1883362
1883363
1883364
1883365
1883366
1883367
1883368
1883369
1883396
1884946
1887564
1887565
1887566
1887567
1887568
1887569
1300143
1300183
1301148
1301193
1301194
1301200
1301208
1301321
1302143
1302183
1303148
1303149
1303180
1303181
1304316
1308204
1308205
1308206
1308207
1308208
1308209
1308455
1309130
1309139
1310245
1310246
1310247
1310248
1310249
1310306
1310316
1310326
1310336
1310669
1311370
1313160
1313161
1313162
1313163
1313164
1313165
1313166
1313167
1313168
1313169
1314315
1316652
1316653
1317173
1317183
1317193
1317194
1317212
1317213
1317214
1317215
1317217
1317218
1317219
1318034
1318035
1318036
1318037
1318038
1318473
1319195
1319196
1319197
1319198
1321540
1321541
1321543
1321544
1321545
1321547
1321548
1321549
1323065
1323066
1323067
1323068
1323069
1323160
1323161
1323162
1323163
1323164
1323165
1323166
1323167
1323168
1323169
1327360
1327361
1327362
1327363
1327364
1328832
1328887
1329046
1329066
1329260
1329261
1329262
1329263
1329264
1329265
1329266
1329267
1329268
1329269
1550316
1551260
1551261
1551262
1551263
1551264
1553060
1553061
1553062
1553063
1553064
1553065
1553066
1553067
1553068
1553069
1553160
1553161
1553162
1553163
1553164
1553165
1553166
1553167
1553168
1553169
1553260
1553261
1553262
1553263
1553264
1553265
1553266
1553267
1553268
1553269
1553316
1553340
1553341
1553342
1553343
1553344
1560316
1561240
1561241
1561242
1561243
1561244
1561260
1561261
1561262
1561263
1561264
1561360
1561361
1561362
1561363
1561364
1561365
1561366
1561367
1561368
1561369
1563060
1563061
1563062
1563063
1563064
1563065
1563066
1563067
1563068
1563069
1563160
1563161
1563162
1563163
1563164
1563165
1563166
1563167
1563168
1563169
1563260
1563261
1563262
1563263
1563264
1563265
1563266
1563267
1563268
1563269
1563316
1569013
1569014
1569015
1569016
1569017
1569046
1569483
1850316
1853160
1853161
1853162
1853163
1853164
1853165
1853166
1853167
1853168
1853169
1853181
1853182
1853183
1853184
1853185
1853230
1853231
1853232
1853233
1853360
1853361
1853362
1853363
1853364
1853365
1853366
1853367
1853368
1853369
1853370
1853371
1853372
1860316
1863040
1863041
1863042
1863043
1863044
1863045
1863060
1863061
1863062
1863063
1863064
1863065
1863066
1863067
1863068
1863069
1863079
1863160
1863161
1863162
1863163
1863164
1863165
1863166
1863167
1863168
1863169
1863260
1863261
1863262
1863263
1863264
1863265
1863266
1863267
1863268
1863269
1863360
1863361
1863375
1863376
1863377
1863378
1863379
1843266
1843276
1843286
1853260
1450300
1450301
1450302
1450303
1450304
1450316
1452160
1452161
1452162
1452163
1454126
1454136
1470308
1470309
1470316
1470326
1470336
1473006
1473016
1473050
1473051
1473052
1475606
1475607
1475608
1475609
1475646