1330306
1330307
1330317
1330337
1331307
1331317
1331327
1331337
1331570
1331571
1331572
1331573
1331574
1331575
1331576
1331577
1331578
1331579
1332307
1332317
1332327
1333307
1333317
1333327
1333336
1334307
1334317
1334327
1334337
1336317
1336366
1336367
1336368
1336369
1337307
1337317
1337323
1337337
1337347
1337353
1338306
1338307
1338317
1338337
1339307
1339317
1339327
1339337
1339338
1339339
1530317
1530327
1530337
1533317
1533327
1533337
1534317
1535075
1535076
1535077
1535078
1535079
1535407
1535417
1535427
1535437
1535447
1536944
1536945
1536975
1536976
1536977
1536978
1536979
1536980
1536981
1536982
1536983
1536984
1537317
1537330
1537331
1537332
1537333
1537334
1537336
1537337
1537338
1537339
1537340
1538307
1538317
1538327
1538337
1538377
1538387
1538394
1538397
1800317
1800327
1800337
1803170
1803171
1803172
1803173
1803174
1803175
1803176
1803177
1803178
1803179
1803270
1803271
1803272
1803273
1803274
1803407
1803417
1803427
1803437
1803447
1890317
1890327
1893170
1893171
1893172
1893173
1893174
1893175
1893176
1893177
1893178
1893179
1893275
1893276
1893277
1893278
1893279
1810317
1810327
1810337
1813170
1813171
1813172
1813173
1813174
1813229
1813299
1813407
1813418
1813427
1340017
1340047
1340317
1340327
1340337
1346317
1346347
1346370
1346371
1346372
1346373
1346374
1346375
1346376
1346377
1346378
1346379
1347317
1347370
1347371
1347372
1347373
1348290
1348291
1348346
1348373
1348380
1348381
1348382
1348383
1348384
1348385
1350317
1350327
1351302
1351303
1351317
1351327
1351348
1351349
1358247
1358267
1358270
1358271
1358272
1358273
1358274
1358275
1358276
1360317
1360327
1360333
1361317
1361327
1362317
1362327
1363084
1363317
1363327
1363337
1364317
1364325
1364326
1364327
1364328
1364337
1365317
1365327
1365337
1366317
1366327
1367317
1367327
1370037
1370038
1370317
1370327
1370333
1372247
1372270
1372271
1372272
1372273
1372274
1372275
1372276
1372277
1373057
1373058
1373059
1373170
1373171
1373172
1373173
1373174
1373175
1373327
1375447
1375453
1375457
1378027
1378057
1378415
1378416
1378470
1378471
1378472
1378473
1378474
1378475
1378476
1378548
1378549
1378570
1378571
1378572
1378573
1378574
1378575
1378576
1378577
1378578
1378579
1378580
1378581
1380317
1380323
1380325
1383170
1383171
1383172
1383173
1383174
1383175
1383176
1383177
1383178
1383179
1383270
1383271
1383272
1383273
1383274
1383275
1383276
1383277
1383278
1383279
1383370
1383371
1383372
1383373
1383374
1383375
1383376
1383377
1383378
1383379
1383397
1383398
1383399
1390317
1390327
1393070
1393071
1393072
1393073
1393074
1393075
1393076
1393077
1393078
1393079
1393170
1393171
1393172
1393173
1393174
1393175
1393176
1393177
1393178
1393179
1393270
1393271
1393272
1393273
1393274
1393275
1393276
1393277
1393278
1393279
1393398
1500317
1500327
1500337
1502860
1502861
1502862
1502863
1502864
1502865
1502866
1502867
1502868
1502869
1502870
1502871
1502872
1502873
1502874
1502875
1503047
1503070
1503071
1503072
1503073
1503074
1503075
1503076
1503077
1503078
1503079
1503088
1503141
1503142
1503170
1503171
1503172
1503173
1503174
1503175
1503176
1503177
1503178
1503179
1503189
1503199
1503244
1503317
1503336
1503368
1503369
1507544
1507547
1507570
1507571
1507572
1507573
1507574
1507575
1507576
1507577
1507578
1507579
1507647
1507669
1507670
1507671
1507672
1507673
1507674
1507675
1507676
1507677
1507678
1507679
1507680
1508147
1509440
1509441
1509442
1510037
1510073
1510074
1510075
1510076
1510077
1510078
1510079
1510080
1510081
1510082
1510083
1510084
1510085
1510086
1510087
1510317
1510327
1510337
1512770
1512771
1512772
1512773
1512774
1512775
1512776
1512777
1512778
1512779
1512870
1512871
1512872
1512873
1512874
1512875
1512876
1512877
1512878
1512879
1513071
1513072
1513073
1513074
1513075
1513076
1513077
1513078
1513079
1513080
1513081
1513170
1513171
1513172
1513173
1513174
1513175
1513176
1513177
1513178
1513179
1513270
1513271
1513272
1513273
1513274
1513275
1513276
1513277
1513278
1513279
1513370
1513371
1513372
1513373
1513374
1513375
1513376
1513377
1513378
1513379
1517570
1517571
1517572
1519470
1519471
1519472
1519473
1519474
1519475
1520317
1520327
1520337
1522660
1522661
1522662
1522663
1522664
1522670
1522671
1522672
1522673
1522674
1522675
1522676
1522677
1522678
1522679
1522720
1522721
1522750
1522751
1522752
1522753
1522754
1522755
1522756
1522757
1522758
1522759
1523070
1523071
1523072
1523073
1523074
1523075
1523076
1523077
1523078
1523079
1523166
1523167
1523170
1523171
1523172
1523173
1523174
1523175
1523176
1523177
1523178
1523179
1523307
1523317
1523327
1523377
1523378
1523379
1528427
1528437
1529735
1529736
1529737
1529738
1529739
1570317
1571307
1571317
1571327
1571337
1571685
1571686
1571687
1571688
1571689
1571697
1572020
1572021
1572022
1572023
1572024
1572025
1572026
1572027
1572028
1572029
1572030
1572031
1572032
1572033
1572034
1572035
1572036
1572037
1572038
1572039
1572040
1572041
1572042
1572043
1572044
1572045
1572046
1572047
1572048
1572049
1573170
1573171
1573172
1573173
1573174
1573175
1573176
1573177
1573178
1573179
1573270
1573271
1573272
1573273
1573274
1573275
1573276
1573277
1573278
1573279
1573370
1573371
1573372
1573373
1573374
1573375
1573376
1573377
1573378
1580317
1580327
1580337
1583047
1583080
1583081
1583082
1583170
1583171
1583172
1583173
1583174
1583175
1583176
1583177
1583178
1583179
1583187
1583188
1583189
1583270
1583271
1583272
1583273
1583274
1583275
1583276
1583277
1583278
1583279
1583280
1583317
1583327
1583336
1583337
1583375
1583376
1583377
1583378
1583379
1590317
1590327
1593078
1593079
1593170
1593171
1593172
1593173
1593174
1593175
1593270
1593271
1593272
1593273
1593274
1593317
1593327
1593328
1593329
1820317
1820327
1820330
1820337
1820339
1823007
1823017
1823047
1823170
1823171
1823172
1823173
1823174
1823175
1823176
1823177
1823178
1823179
1823270
1823271
1823272
1823273
1823274
1823275
1823276
1823277
1823278
1823279
1823280
1823281
1823282
1823283
1823284
1823285
1823286
1823287
1823288
1823289
1823365
1823366
1823367
1823368
1823369
1823370
1823371
1823372
1823373
1823374
1823375
1823376
1823377
1823378
1823379
1824456
1824467
1830317
1830325
1830326
1830327
1830328
1830329
1833070
1833071
1833072
1833073
1833074
1833075
1833076
1833077
1833078
1833079
1833175
1833176
1833177
1833178
1833179
1833300
1833301
1833302
1833303
1833304
1833305
1833306
1833307
1833308
1833309
1833342
1833343
1833344
1833370
1833371
1833372
1833373
1833374
1833375
1833376
1833377
1833378
1833379
1840307
1840317
1840327
1840337
1870317
1870327
1870337
1871305
1871306
1871307
1871308
1871309
1871360
1871361
1871362
1871363
1871364
1871365
1871366
1871367
1871368
1871369
1871370
1871371
1871372
1871373
1871374
1871375
1871376
1871377
1871378
1871379
1873070
1873071
1873072
1873073
1873074
1873075
1873076
1873077
1873078
1873079
1873170
1873171
1873172
1873173
1873174
1873175
1873176
1873177
1873178
1873179
1873270
1873271
1873272
1873273
1873274
1873275
1873276
1873277
1873278
1873279
1873300
1873301
1873302
1873303
1873304
1873305
1873306
1873307
1873308
1873309
1873370
1873371
1873372
1873373
1873374
1873375
1873376
1873377
1873378
1873379
1880307
1880317
1880327
1880337
1881207
1881217
1883070
1883071
1883072
1883073
1883074
1883170
1883171
1883172
1883173
1883174
1883175
1883176
1883177
1883178
1883179
1883270
1883271
1883272
1883273
1883274
1883275
1883276
1883277
1883278
1883279
1883370
1883371
1883372
1883373
1883374
1883375
1883376
1883377
1883378
1883379
1884947
1884957
1884959
1887577
1887578
1887579
1300144
1300148
1301142
1301198
1301199
1301202
1301203
1301204
1301322
1302144
1302148
1303159
1303189
1304317
1308047
1308216
1308217
1308218
1308219
1308450
1308451
1308452
1309114
1309115
1309116
1310240
1310241
1310242
1310243
1310244
1310270
1310271
1310272
1310273
1310274
1310307
1310317
1310327
1310337
1311170
1311171
1311172
1311173
1311174
1311175
1311176
1311177
1311178
1311179
1312730
1312731
1312732
1312733
1312734
1312735
1312736
1312737
1312738
1312739
1313170
1313171
1313172
1313173
1313174
1313175
1313176
1313177
1313178
1313179
1316656
1317170
1317198
1317199
1318015
1318030
1318031
1318032
1318033
1318478
1318493
1318498
1319192
1319193
1319194
1319199
1323070
1323071
1323072
1323073
1323074
1323075
1323076
1323077
1323078
1323079
1323170
1323171
1323172
1323173
1323174
1323175
1323176
1323177
1323178
1323179
1328320
1328321
1328322
1328323
1328324
1328325
1328326
1328327
1328328
1328329
1329047
1329067
1329270
1329271
1329272
1329273
1329274
1329275
1329276
1329277
1329278
1329279
1329340
1329341
1329342
1329343
1329344
1329345
1329346
1329347
1329348
1329349
1550317
1551170
1551171
1551172
1551173
1551174
1551175
1551176
1551177
1551178
1551179
1551278
1551279
1551288
1551289
1553040
1553041
1553042
1553043
1553044
1553045
1553046
1553047
1553048
1553049
1553070
1553071
1553072
1553073
1553074
1553075
1553076
1553077
1553078
1553079
1553170
1553171
1553172
1553173
1553174
1553175
1553176
1553177
1553178
1553179
1553270
1553271
1553272
1553273
1553274
1553275
1553276
1553277
1553278
1553279
1553280
1553281
1553282
1553283
1553284
1553285
1553286
1553287
1553288
1553289
1553317
1553370
1553371
1553372
1553373
1553374
1553375
1553376
1553377
1553378
1553379
1560317
1561270
1561271
1561272
1561273
1561274
1561275
1561276
1561277
1561278
1561279
1561370
1561371
1561372
1561373
1561374
1561375
1561376
1561377
1561378
1561379
1563070
1563071
1563072
1563073
1563074
1563075
1563076
1563077
1563078
1563079
1563170
1563171
1563172
1563173
1563174
1563175
1563176
1563177
1563178
1563179
1563270
1563271
1563272
1563273
1563274
1563275
1563276
1563277
1563278
1563279
1563317
1569012
1569026
1569027
1569028
1569029
1569047
1569481
1569482
1569497
1850317
1853170
1853171
1853172
1860317
1861744
1861770
1861771
1861772
1861773
1861774
1863070
1863071
1863072
1863073
1863074
1863075
1863076
1863170
1863171
1863172
1863173
1863174
1863175
1863176
1863177
1863178
1863179
1863270
1863271
1863272
1863273
1863274
1863275
1863276
1863277
1863278
1863279
1863367
1863370
1863371
1863372
1863373
1863374
1863405
1863406
1863407
1843264
1843267
1843277
1843287
1889495
1889496
1889497
1889498
1889499
1450234
1450235
1450236
1450237
1450317
1452134
1452135
1452136
1452137
1452146
1452147
1454127
1454137
1470307
1470317
1470327
1470337
1473007
1473017
1473020
1473021
1473022
1473023
1473024
1475615
1475616
1475617
1475618
1475619
1475647