1330349
1331349
1332749
1333349
1335349
1336349
1338349
1339349
1530349
1533349
1534060
1534061
1534353
1536459
1536469
1536479
1538349
1538671
1538675
1538691
1539269
1800349
1803490
1803491
1803492
1803493
1803494
1803495
1803496
1803497
1890349
1893547
1893548
1893549
1810349
1813490
1340349
1345308
1345309
1351369
1354608
1354609
1354620
1354678
1354679
1359344
1359345
1359346
1359347
1359348
1359349
1361349
1362348
1362349
1363349
1364349
1364364
1365349
1366340
1366349
1366369
1370350
1373417
1373418
1373419
1375308
1375309
1380034
1383419
1383440
1383442
1383443
1383444
1383497
1383498
1383499
1390349
1393419
1393440
1393442
1393483
1393484
1393485
1393490
1393491
1393492
1393493
1393494
1393495
1393496
1393497
1393498
1393499
1399490
1399491
1399492
1399493
1399494
1500349
1510349
1511080
1511081
1511082
1511083
1511084
1511085
1513507
1520349
1523490
1523491
1523492
1523493
1523494
1523495
1523496
1523497
1523498
1523499
1523505
1523506
1523507
1523508
1523509
1529669
1570349
1572161
1573490
1573491
1573492
1573493
1573494
1573495
1573496
1573497
1573498
1573499
1573569
1573571
1573572
1580347
1580349
1583425
1583430
1583431
1583432
1583549
1590349
1593449
1593549
1820349
1823490
1823491
1823492
1823493
1823494
1823495
1823496
1823497
1823498
1823499
1830349
1833490
1833491
1833492
1833493
1833494
1833495
1833496
1833497
1833498
1833499
1840340
1840341
1840342
1840343
1840344
1840345
1840346
1840347
1840348
1840349
1840640
1870349
1873493
1873494
1873495
1873496
1873497
1873498
1873499
1873545
1873546
1873547
1873548
1873549
1880349
1883490
1883491
1883492
1883493
1883494
1883495
1883496
1883497
1883498
1883499
1303345
1303703
1303704
1304443
1304444
1308039
1309660
1309764
1309768
1310004
1310349
1311102
1313303
1313311
1313349
1313461
1315271
1315293
1319102
1320349
1322361
1323349
1328369
1329368
1329369
1329398
1329469
1550349
1551330
1551331
1551332
1551333
1551334
1551335
1551391
1551392
1551393
1551394
1553490
1553491
1553492
1553493
1553494
1553495
1553496
1553497
1558249
1560349
1563490
1563491
1563492
1563493
1563494
1563495
1569865
1569866
1850349
1853490
1853491
1853492
1853493
1853494
1853495
1853496
1853497
1853498
1853499
1860349
1863490
1863491
1863492
1863493
1863494
1863495
1863496
1863497
1863498
1863499
1863569
1863599
1843464
1843465
1843466
1853650
1853655
1450195
1450196
1450197
1450198
1450199
1452289
1453271
1454193
1471797
1473500
1473571
1473572
1473573
1473574
1479710
1479711