1330340
1330341
1330343
1330346
1330351
1331341
1331343
1331351
1332740
1332741
1332743
1332746
1332751
1333340
1333341
1333343
1333346
1333351
1335341
1335343
1335351
1336341
1336343
1336344
1336351
1337421
1338341
1338343
1338351
1339340
1339341
1339343
1339351
1530341
1530351
1533102
1533300
1533301
1533341
1533342
1533343
1533351
1533360
1533361
1533364
1533365
1533366
1533368
1534065
1534066
1534067
1534068
1534069
1534070
1534071
1534340
1534341
1534342
1534343
1534348
1534351
1536451
1536461
1536471
1536481
1536483
1536491
1536492
1536493
1536494
1536496
1538340
1538341
1538343
1538346
1538351
1538361
1538674
1538681
1538688
1538699
1538851
1539251
1539261
1539262
1539263
1800340
1800341
1800343
1800346
1800351
1803510
1803511
1803512
1803513
1803514
1803515
1803516
1803517
1803518
1803519
1890340
1890341
1890343
1890346
1890351
1893510
1893511
1893512
1893513
1893514
1893515
1893518
1893519
1810034
1810035
1810341
1810343
1810346
1810351
1813510
1813511
1813512
1813513
1813514
1813515
1813516
1340340
1340341
1340343
1340345
1340346
1340351
1340369
1345310
1345311
1345312
1345313
1345314
1345315
1345316
1345317
1345318
1345319
1345340
1345341
1345342
1345343
1345344
1345345
1345346
1345347
1346680
1346681
1346682
1346683
1346684
1346685
1346686
1346687
1348530
1348531
1348532
1348533
1348534
1348535
1348536
1348537
1348538
1350350
1350351
1350354
1350971
1350973
1351351
1351360
1351361
1351362
1351363
1351364
1354611
1354630
1354631
1354632
1354633
1354634
1354635
1354636
1354637
1354638
1354639
1354640
1354641
1354642
1354643
1354645
1354646
1354647
1354671
1354672
1359313
1359314
1359315
1359316
1359317
1359318
1359319
1360351
1360353
1360355
1360356
1360358
1361341
1361344
1361345
1361346
1361347
1361348
1361351
1362061
1362341
1362345
1362346
1362347
1362351
1362360
1362361
1362362
1362363
1362364
1362365
1362366
1362367
1363341
1363344
1363345
1363347
1363351
1364341
1364345
1364346
1364347
1364351
1364360
1364361
1364366
1364369
1365340
1365341
1365351
1365360
1365364
1365365
1365366
1365368
1366351
1366361
1370050
1370051
1370054
1370351
1370358
1373400
1373401
1373402
1373403
1373404
1375310
1375311
1375312
1375313
1375314
1375315
1375316
1375317
1375318
1375319
1375347
1375348
1375349
1375480
1375481
1375482
1375483
1375484
1375485
1375486
1375487
1375488
1375489
1380340
1380341
1380343
1380345
1380346
1380349
1354644
1383404
1383411
1383413
1383414
1383415
1383416
1383420
1383421
1383422
1383423
1383424
1383450
1383451
1383452
1383453
1383454
1383455
1383456
1383457
1383458
1383459
1383460
1383461
1383462
1383463
1383464
1383465
1383466
1383467
1383468
1383469
1383510
1383511
1383512
1383513
1383514
1383515
1383516
1383517
1383518
1383519
1390034
1390035
1390340
1390341
1390343
1390346
1390351
1393404
1393411
1393413
1393414
1393415
1393416
1393420
1393421
1393422
1393423
1393424
1393450
1393451
1393452
1393453
1393454
1393455
1393456
1393457
1393458
1393459
1393460
1393461
1393462
1393463
1393464
1393465
1393466
1393510
1393511
1393512
1393513
1393514
1393515
1393516
1393517
1393518
1393519
1399420
1399421
1399422
1399423
1399424
1399425
1399426
1399427
1399428
1399429
1500340
1500341
1500343
1500346
1500351
1503400
1503401
1503402
1503403
1503404
1503405
1503406
1503407
1503408
1503409
1503410
1503411
1503412
1503413
1503414
1503415
1503416
1503417
1503418
1503419
1503440
1503441
1503442
1503510
1503511
1503512
1503513
1503514
1503515
1503516
1503517
1503518
1503519
1503568
1503569
1510340
1510341
1510343
1510346
1510351
1511030
1511031
1511032
1511033
1511034
1511035
1511036
1511037
1511038
1511039
1511040
1511041
1511042
1513508
1513509
1513510
1513511
1513512
1513513
1513514
1513515
1513516
1513517
1513518
1513519
1520340
1520341
1520343
1520346
1520351
1523400
1523401
1523402
1523403
1523404
1523405
1523406
1523407
1523408
1523409
1523410
1523411
1523412
1523413
1523414
1523415
1523416
1523417
1523418
1523419
1523424
1523425
1523426
1523510
1523511
1523512
1523513
1523514
1523515
1523516
1523517
1523518
1523519
1523534
1523535
1523536
1523537
1523538
1523539
1529661
1570341
1570351
1571350
1571351
1571352
1573501
1573502
1573503
1573504
1573505
1573506
1573510
1573511
1573512
1573513
1573514
1573515
1573516
1573517
1573518
1573519
1573521
1573522
1573523
1573524
1573551
1573552
1573561
1573562
1573563
1573564
1573565
1580340
1580341
1580343
1580346
1580351
1583400
1583401
1583402
1583403
1583404
1583405
1583406
1583407
1583410
1583411
1583412
1583413
1583414
1583415
1583416
1583417
1583418
1583419
1583510
1583511
1583512
1583513
1590340
1590341
1590343
1590346
1590351
1593404
1593410
1593411
1593412
1593413
1593414
1593415
1593510
1593511
1593512
1593513
1593514
1593515
1593561
1593562
1820341
1820351
1823400
1823401
1823402
1823403
1823404
1823405
1823406
1823407
1823408
1823409
1823410
1823411
1823412
1823413
1823414
1823415
1823416
1823417
1823418
1823419
1823510
1823511
1823512
1823513
1823514
1823515
1823516
1823517
1823518
1823519
1830341
1830351
1833470
1833471
1833472
1833473
1833474
1833475
1833476
1833477
1833478
1833479
1833510
1833511
1833512
1833513
1833514
1833515
1833516
1833517
1833518
1833519
1840351
1840650
1840651
1840652
1840653
1840654
1840655
1840656
1840657
1840658
1840659
1843510
1843511
1843512
1843513
1843514
1843515
1843516
1843517
1843518
1843519
1870340
1870341
1870343
1870346
1870351
1873410
1873411
1873412
1873413
1873414
1873415
1873416
1873417
1873418
1873419
1873453
1873454
1873455
1873456
1873457
1873458
1873459
1873480
1873481
1873482
1873483
1873484
1873485
1873486
1873487
1873488
1873489
1873490
1873491
1873492
1873510
1873511
1873512
1873513
1873514
1873515
1873516
1873517
1873518
1873519
1873536
1873537
1873538
1873539
1880341
1880351
1883410
1883411
1883412
1883413
1883414
1883415
1883416
1883417
1883418
1883419
1883480
1883481
1883482
1883483
1883484
1883485
1883486
1883487
1883488
1883489
1883510
1883511
1883512
1883513
1883514
1883515
1883516
1883517
1883518
1883519
1883534
1883535
1883536
1883537
1883538
1883539
1300700
1300701
1300702
1300703
1300704
1300707
1300708
1300709
1301070
1301530
1301534
1301537
1301538
1301540
1301544
1301547
1301548
1302700
1302701
1302702
1302703
1302704
1302707
1302708
1302709
1303348
1303800
1303808
1306800
1306804
1306807
1306808
1307350
1307351
1307352
1307353
1307354
1307355
1307356
1307357
1307358
1307359
1308031
1309900
1309904
1309905
1309906
1309907
1309908
1309909
1310000
1310001
1310011
1310014
1310341
1310343
1310344
1310351
1311100
1311104
1311105
1311106
1311107
1311108
1311109
1313300
1313301
1313302
1319100
1319104
1319105
1319106
1319107
1319108
1319109
1320341
1320351
1320980
1320981
1320982
1322351
1322364
1323341
1323351
1323360
1323361
1323362
1323363
1323364
1323365
1323366
1323367
1323368
1323369
1328351
1328361
1328362
1329351
1329371
1329374
1329381
1329388
1329390
1329391
1329451
1550344
1550345
1550346
1550347
1550348
1550351
1550360
1550361
1550362
1550363
1550364
1550365
1550366
1550367
1550368
1550369
1551300
1551301
1551302
1551303
1551304
1551305
1551306
1551307
1551308
1551309
1551325
1551326
1551327
1551328
1551329
1551336
1551340
1551341
1551342
1551343
1551344
1551345
1551346
1551347
1551351
1551360
1551361
1551362
1551363
1551364
1551365
1551366
1551367
1551368
1551369
1551380
1551381
1551382
1551383
1551384
1551385
1551386
1551387
1551388
1551389
1552500
1552501
1552502
1552503
1552504
1552505
1552506
1552507
1552508
1552509
1552540
1552541
1552542
1552543
1552544
1552545
1552546
1552547
1552548
1552549
1553400
1553401
1553402
1553403
1553404
1553405
1553406
1553407
1553408
1553409
1553445
1553446
1553447
1553448
1553449
1553510
1553511
1553512
1553513
1553514
1553515
1553516
1553517
1553518
1553519
1553535
1553536
1553537
1553538
1553539
1553600
1553601
1553602
1553603
1553604
1553605
1553606
1553607
1553608
1553609
1553630
1553631
1553632
1553633
1553634
1553650
1553651
1553652
1553653
1553654
1553655
1553656
1553657
1553658
1553659
1553660
1553661
1553662
1553663
1553664
1553665
1553666
1553667
1553668
1553669
1553680
1553681
1553682
1553683
1553684
1553685
1553686
1553687
1553688
1553689
1553690
1553691
1553692
1553693
1553694
1553695
1553696
1553697
1553698
1553699
1558181
1558182
1558183
1558184
1558185
1558210
1558211
1558212
1560340
1560341
1560343
1560346
1560351
1563496
1563497
1563498
1563499
1563510
1563511
1563512
1563513
1563514
1563515
1563516
1563517
1563518
1563519
1563536
1563537
1563538
1563539
1569830
1569831
1569832
1569833
1569834
1569840
1569841
1569855
1569856
1569857
1569858
1569859
1850346
1850351
1853441
1853443
1853456
1853457
1853460
1853461
1853462
1853463
1853464
1853465
1853466
1853467
1853468
1853469
1853475
1853510
1853511
1853512
1853513
1853514
1853515
1853516
1853517
1853518
1853519
1853660
1853661
1853662
1853663
1853664
1853665
1853666
1853667
1853668
1853669
1853680
1853681
1853682
1853683
1853684
1853685
1853686
1853687
1853688
1853689
1860341
1860344
1860345
1860346
1860347
1860348
1860351
1861351
1863430
1863431
1863432
1863433
1863434
1863435
1863436
1863437
1863438
1863439
1863440
1863441
1863443
1863451
1863510
1863511
1863512
1863513
1863514
1863515
1863516
1863517
1863518
1863519
1863557
1863558
1863559
1863579
1863610
1863611
1863612
1863613
1863614
1863615
1863616
1863617
1863618
1863619
1863660
1863661
1863662
1863663
1863664
1863665
1863666
1863667
1863668
1863669
1863680
1863681
1863682
1863683
1863684
1863685
1863686
1863687
1863688
1863689
1863690
1863691
1863692
1863693
1863694
1863695
1863696
1863697
1863698
1863699
1864931
1864932
1864951
1843430
1843431
1843432
1843433
1843434
1843435
1843436
1843437
1843438
1843439
1843440
1843441
1843442
1843443
1843444
1843445
1843446
1843447
1843448
1843449
1450160
1450161
1450162
1450163
1450164
1450165
1450166
1450167
1450168
1450169
1452271
1452273
1452281
1452291
1452293
1452296
1453095
1453096
1453272
1453273
1453274
1453290
1453291
1453292
1453293
1453294
1453295
1453296
1453297
1453298
1453299
1454180
1454181
1454190
1454191
1470341
1470351
1471780
1471781
1473510
1473511
1473512
1473513
1473514
1473515
1473530
1473531
1473532
1473533
1473534
1473535
1473536
1473537
1473538
1473539
1476524
1479715
1479716
1479717
1479718
1479719
1479720
1479721
1479722