1330342
1330352
1331342
1331352
1332742
1332752
1333342
1333352
1335342
1335352
1336340
1336342
1336352
1338342
1338352
1339342
1339352
1530342
1530352
1533107
1533302
1533352
1533362
1534072
1534073
1534074
1534075
1534352
1536452
1536462
1536472
1536482
1538342
1538352
1538362
1538682
1538692
1538852
1539252
1539265
1800352
1803520
1803521
1803522
1803523
1803524
1803525
1803526
1803527
1803528
1890342
1890352
1893520
1893521
1893522
1893523
1893524
1893525
1810352
1813520
1340342
1340352
1340360
1340361
1340362
1340363
1340364
1350352
1350972
1350978
1351352
1351366
1351367
1354600
1354601
1354602
1354603
1354604
1354605
1354606
1354607
1359300
1359301
1359302
1359303
1359304
1359305
1360352
1361062
1361340
1361342
1361352
1362062
1362342
1362352
1363342
1363352
1364342
1364352
1364362
1365342
1365352
1365362
1366342
1366352
1366362
1370052
1370352
1373420
1373421
1373422
1375320
1375321
1375322
1375323
1375324
1375325
1375326
1375327
1375328
1375329
1375490
1375491
1375492
1375493
1375494
1380342
1383402
1383412
1383425
1383426
1383445
1383520
1383521
1383522
1383523
1383524
1383525
1383526
1383527
1383528
1383529
1390342
1390352
1393402
1393412
1393425
1393426
1393445
1393473
1393474
1393475
1393476
1393477
1393478
1393479
1393480
1393481
1393482
1393520
1393521
1393522
1393523
1393524
1393525
1393526
1393527
1393528
1393529
1399430
1399431
1399432
1399433
1399434
1399435
1399436
1399437
1399438
1399439
1399440
1399441
1399442
1399443
1399444
1399445
1399446
1500342
1500352
1503420
1503421
1503422
1503423
1503424
1503520
1503521
1503522
1503523
1503524
1503525
1503526
1503527
1503528
1503529
1510342
1510352
1511070
1511071
1511072
1511073
1511074
1511075
1511076
1511077
1511078
1511079
1513520
1513521
1513522
1513523
1513524
1520342
1520352
1523420
1523421
1523422
1523423
1523520
1523521
1523522
1523523
1523524
1523525
1523526
1523527
1523528
1523529
1529662
1570342
1570352
1571358
1572162
1573520
1573525
1573526
1573527
1573528
1573529
1580342
1580352
1583502
1583520
1583521
1583522
1583524
1583536
1583537
1583538
1583563
1583564
1583565
1590342
1590352
1593402
1593407
1593420
1593421
1593422
1593423
1593424
1593425
1593520
1593521
1593522
1593523
1593524
1593525
1593526
1593527
1593528
1593529
1593530
1593531
1820342
1820352
1823420
1823421
1823422
1823423
1823424
1823425
1823426
1823427
1823428
1823429
1823520
1823521
1823522
1823523
1823524
1823525
1823526
1823527
1823528
1823529
1830342
1830352
1833520
1833521
1833522
1833523
1833524
1833525
1833526
1833527
1833528
1833529
1840352
1840490
1840491
1840492
1843520
1843521
1843522
1843523
1843524
1843525
1843526
1843527
1843528
1843529
1870342
1870352
1873420
1873421
1873422
1873423
1873424
1873425
1873426
1873427
1873428
1873429
1873462
1873463
1873464
1873465
1873466
1873467
1873468
1873469
1873508
1873509
1873520
1873521
1873522
1873523
1873524
1873525
1873526
1873527
1873528
1873529
1880342
1880352
1883520
1883521
1883522
1883523
1883524
1883525
1883526
1883527
1883528
1883529
1300804
1300808
1300809
1301539
1301549
1302804
1302808
1302809
1303349
1303809
1306809
1308032
1309654
1309658
1309659
1309668
1309669
1309754
1309759
1309769
1310002
1310012
1310340
1310342
1310352
1311112
1311122
1311128
1313312
1313322
1313328
1313332
1313333
1313342
1313462
1315272
1315282
1315292
1315294
1319112
1319122
1319128
1320342
1320352
1320983
1320984
1322352
1322362
1323313
1323314
1323315
1323316
1323317
1323318
1323319
1323342
1323352
1328352
1328368
1329352
1329372
1329382
1329392
1329452
1329462
1550352
1551352
1551375
1551376
1551377
1551378
1551379
1552520
1552521
1552522
1552523
1552524
1552525
1552526
1552527
1552528
1552529
1552555
1552556
1552557
1552558
1552559
1553420
1553421
1553422
1553423
1553424
1553425
1553426
1553427
1553428
1553429
1553520
1553521
1553522
1553523
1553524
1553525
1553526
1553527
1553528
1553529
1553620
1553621
1553622
1553623
1553624
1558213
1558214
1558215
1558216
1558217
1558218
1558219
1558220
1558221
1558222
1558223
1558224
1558225
1558226
1558227
1558228
1558229
1560342
1560352
1563520
1563521
1563522
1563523
1563524
1563525
1563526
1563527
1563528
1563529
1569837
1569838
1569839
1569850
1850352
1853434
1853442
1853480
1853481
1853482
1853483
1853484
1853520
1853521
1853522
1853523
1853524
1853525
1853526
1853527
1853528
1853529
1853677
1853678
1853679
1860340
1860352
1861352
1861353
1863420
1863421
1863422
1863423
1863442
1863452
1863520
1863521
1863522
1863523
1863524
1863525
1863526
1863527
1863528
1863529
1863620
1863621
1863622
1863623
1863624
1863625
1863626
1863627
1863628
1863629
1864952
1470342
1470352
1471782
1471783
1473520
1473521
1473522
1473523
1473524
1473525
1473526
1473527
1473528
1473529
1479723
1479724
1479725