1330356
1331346
1331356
1332756
1333356
1335346
1335356
1336346
1336356
1338346
1338356
1339346
1339356
1530346
1530356
1533346
1533356
1534086
1534087
1534088
1534356
1536456
1536466
1536476
1536486
1538356
1538366
1538676
1538686
1538696
1538856
1539256
1539266
1800356
1803560
1803561
1803562
1803563
1803564
1803565
1803566
1803567
1890356
1893526
1893527
1893528
1893529
1810340
1810356
1340356
1345360
1345361
1345362
1345363
1345364
1350356
1350976
1351356
1354621
1354661
1354662
1359330
1359331
1359332
1359333
1359334
1359335
1361066
1361356
1362064
1362356
1363346
1363356
1364356
1365346
1365347
1365356
1366346
1366356
1366366
1370056
1370356
1375360
1375361
1375362
1375363
1375364
1375365
1375366
1375367
1375368
1375369
1383406
1383431
1383432
1383490
1383491
1383492
1383493
1383560
1383561
1383562
1383563
1383564
1383565
1383566
1383567
1383568
1383569
1390356
1393406
1393431
1393432
1393560
1393561
1393562
1393563
1393564
1393565
1393566
1393567
1393568
1393569
1399470
1399471
1399472
1399473
1399474
1500356
1503460
1503461
1503462
1503463
1510356
1513560
1513561
1513562
1513563
1513564
1513565
1513566
1513567
1513568
1513569
1520356
1523460
1523461
1523462
1523463
1523464
1523465
1523466
1523467
1523560
1523561
1523562
1523563
1523564
1529666
1570260
1570261
1570262
1570263
1570264
1570265
1570266
1570267
1570268
1570269
1570346
1570356
1571356
1572166
1573560
1573566
1573567
1573568
1580356
1583420
1583421
1583433
1583560
1583561
1583562
1583568
1583569
1590356
1593406
1593416
1593417
1593418
1593419
1593506
1593507
1593560
1820346
1820356
1823460
1823461
1823462
1823463
1823464
1823465
1823466
1823467
1823468
1823469
1823560
1823561
1823562
1823563
1823564
1823565
1823566
1823567
1823568
1823569
1830346
1830356
1833465
1833466
1833467
1833468
1833469
1833560
1833561
1833562
1833563
1833564
1833565
1833566
1833567
1833568
1833569
1840356
1843560
1843561
1843562
1843563
1843564
1843565
1843566
1843567
1843568
1843569
1870356
1873460
1873461
1873560
1873561
1873562
1873563
1873564
1880346
1880356
1883435
1883436
1883437
1883438
1883439
1883460
1883461
1883462
1883463
1883464
1883465
1883466
1883467
1883468
1883469
1883560
1883561
1883562
1883563
1883564
1883565
1883566
1883567
1883568
1883569
1300805
1301535
1301545
1302805
1303805
1304445
1306805
1308036
1309655
1309665
1309755
1309765
1310006
1310016
1310346
1310356
1311114
1311116
1311126
1313306
1313316
1313336
1313337
1313346
1313466
1315276
1315286
1315296
1319116
1319126
1320346
1320356
1320987
1322356
1322367
1323327
1323328
1323329
1323330
1323331
1323332
1323333
1323346
1323356
1328356
1329356
1329376
1329389
1329456
1329464
1550356
1551337
1551338
1551339
1551356
1551396
1552550
1552551
1552552
1552553
1552554
1553460
1553461
1553462
1553463
1553464
1553560
1553561
1553562
1553563
1553564
1553565
1553566
1553567
1553568
1553569
1558186
1558187
1558246
1558260
1558261
1558262
1558263
1558264
1558265
1560356
1563560
1563561
1563562
1563563
1563564
1563565
1563566
1563567
1563568
1563569
1569845
1569851
1850356
1853446
1853450
1853451
1853452
1853453
1853560
1853561
1853562
1853563
1853564
1853565
1853566
1853567
1853568
1853569
1860356
1861356
1863427
1863446
1863456
1863466
1863560
1863561
1863562
1863563
1863564
1863565
1863566
1863567
1863568
1863647
1863648
1863649
1864956
1843460
1843461
1843462
1843463
1452276
1452286
1453195
1453196
1453197
1453198
1453199
1453276
1453277
1454186
1454196
1470346
1470356
1471789
1471790
1473560
1473568
1473569
1479734
1479735