1330370
1332360
1332370
1333370
1334360
1334370
1334660
1334661
1334662
1335360
1335361
1335362
1335370
1338370
1530370
1530380
1530397
1533370
1534370
1534384
1534385
1534386
1800370
1803703
1803705
1803706
1803707
1803708
1803709
1803734
1803744
1803764
1803772
1803773
1803774
1803775
1803776
1803914
1803915
1803916
1803942
1803944
1803994
1890370
1893700
1893701
1893702
1893703
1893704
1893705
1893706
1893707
1893708
1893709
1810370
1810380
1810397
1813477
1813700
1813701
1813702
1813703
1813704
1813705
1813706
1813707
1813708
1813709
1813744
1813748
1340370
1340940
1340941
1340942
1340943
1340944
1346010
1346011
1346012
1346013
1346014
1346015
1346016
1346017
1346018
1346019
1346270
1346271
1346272
1346273
1346274
1346275
1346276
1346277
1346278
1346279
1346290
1346291
1346292
1346293
1346294
1346295
1346296
1346297
1346298
1346299
1350340
1350370
1350769
1351370
1352314
1352315
1352316
1352317
1352370
1352380
1352381
1352382
1352383
1352630
1352631
1352632
1352633
1352634
1356930
1356931
1356932
1356933
1356934
1356935
1356936
1356937
1356938
1356939
1359230
1359231
1359232
1359233
1359234
1359235
1359236
1359237
1359238
1359239
1359830
1359831
1359832
1359833
1359834
1359835
1359836
1359837
1359838
1359839
1360370
1360840
1360864
1361370
1361987
1362370
1362987
1363370
1363960
1364370
1365370
1366370
1367370
1367383
1367384
1368370
1369370
1370070
1370083
1370342
1370370
1370397
1374964
1374965
1374966
1374967
1374968
1374969
1378140
1378141
1378142
1378143
1378144
1378145
1378146
1378147
1378148
1378149
1378150
1378151
1378152
1378153
1378154
1378155
1378156
1378157
1378158
1378159
1378160
1378161
1378162
1378163
1378164
1378165
1378166
1378167
1378168
1378169
1378370
1380037
1380370
1380397
1383700
1383701
1383702
1383703
1383704
1383705
1383706
1383707
1383708
1383709
1384964
1384965
1384966
1384967
1384968
1384969
1390370
1393700
1393701
1393702
1393703
1393704
1393705
1393706
1393707
1393708
1393709
1393892
1393893
1393894
1394990
1394991
1394992
1394993
1394994
1500370
1503665
1503666
1503667
1503668
1503669
1503700
1503701
1503702
1503703
1503704
1503705
1503706
1503707
1503708
1503709
1508290
1508291
1508292
1508293
1508294
1508295
1508296
1508297
1508298
1508299
1509050
1509051
1509052
1509053
1509054
1509055
1509056
1509057
1509058
1509059
1509060
1509061
1509062
1509063
1509064
1509065
1509066
1509067
1509068
1509069
1510370
1513600
1513601
1513602
1513603
1513604
1513605
1513606
1513607
1513608
1513609
1513660
1513661
1513662
1513663
1513664
1513700
1513701
1513702
1513703
1513704
1513705
1513706
1513707
1513708
1513709
1513855
1513856
1513857
1513858
1513859
1513970
1513971
1513972
1513973
1513974
1520370
1522475
1522476
1522477
1522478
1522479
1522520
1522521
1522522
1522523
1522524
1522525
1522526
1522527
1522528
1522529
1523680
1523681
1523682
1523683
1523684
1523685
1523686
1523687
1523688
1523689
1523700
1523701
1523702
1523703
1523704
1523705
1523706
1523707
1523708
1523709
1523850
1523851
1523852
1523853
1523854
1523855
1523856
1523857
1523858
1523859
1523990
1523991
1523992
1523993
1523994
1524975
1524976
1524977
1524978
1524979
1570370
1570397
1571360
1571361
1571362
1571363
1571364
1571370
1572920
1572921
1572922
1572923
1572947
1573700
1573701
1573702
1573703
1573704
1573705
1573706
1573707
1573708
1573709
1573790
1573791
1573810
1573811
1573812
1573813
1573814
1573820
1573821
1573822
1573823
1573824
1580370
1582470
1582471
1582472
1582473
1582474
1582475
1582476
1582477
1582478
1582479
1583640
1583641
1583642
1583643
1583644
1583645
1583646
1583647
1583648
1583649
1583680
1583681
1583682
1583683
1583684
1583685
1583686
1583687
1583688
1583689
1583700
1583701
1583702
1583703
1583704
1583705
1583706
1583707
1583708
1583709
1583900
1583901
1583902
1583903
1583904
1583905
1583906
1583907
1583908
1583909
1589690
1589691
1589692
1589693
1589694
1589695
1589696
1589697
1589698
1589699
1590370
1590380
1590381
1590382
1590383
1590384
1593700
1593701
1593702
1593703
1593704
1593705
1593706
1593707
1593708
1593709
1593830
1593831
1593832
1593833
1593834
1593835
1593836
1593837
1593838
1593839
1593905
1593906
1593907
1593908
1593909
1599340
1599341
1599342
1599343
1599344
1599390
1599391
1599392
1599393
1599394
1599395
1599396
1599397
1599398
1599399
1820370
1823635
1823636
1823637
1823638
1823639
1823700
1823701
1823702
1823703
1823704
1823705
1823706
1823707
1823708
1823709
1823800
1823801
1823802
1823803
1823804
1823805
1823806
1823807
1823808
1823809
1823870
1823871
1823872
1823873
1823874
1824075
1824076
1824077
1824078
1824079
1827260
1827261
1827262
1827263
1827264
1827265
1827266
1827267
1827268
1827269
1830370
1830389
1833602
1833603
1833604
1833605
1833647
1833690
1833691
1833692
1833693
1833694
1833695
1833696
1833697
1833698
1833699
1833700
1833701
1833702
1833703
1833704
1833705
1833706
1833707
1833708
1833709
1833870
1833871
1833872
1833873
1833874
1833875
1833876
1833877
1833878
1833879
1834828
1834829
1834830
1834831
1840370
1843700
1843701
1843702
1843703
1843704
1843705
1843706
1843707
1843708
1843709
1843821
1843822
1843823
1843824
1843825
1843826
1843827
1843828
1843829
1843830
1843831
1843832
1843833
1843834
1843835
1843836
1843837
1843838
1843839
1870370
1873670
1873671
1873672
1873673
1873674
1873675
1873676
1873677
1873678
1873679
1873680
1873681
1873682
1873683
1873684
1873685
1873686
1873687
1873688
1873689
1873700
1873701
1873702
1873703
1873704
1873705
1873706
1873707
1873708
1873709
1873800
1873801
1873802
1873803
1873804
1873805
1873806
1873807
1873808
1873809
1874950
1874951
1874952
1874953
1874954
1880370
1880388
1883700
1883701
1883702
1883703
1883704
1883705
1883706
1883707
1883708
1883709
1886020
1886021
1886400
1886401
1886402
1886403
1886404
1886405
1886406
1886407
1886408
1886409
1303750
1303751
1303752
1303753
1303754
1303755
1303756
1303757
1303758
1303759
1304370
1308370
1308702
1310170
1310360
1310370
1310390
1313700
1313701
1313702
1313703
1314054
1314057
1314800
1314801
1314802
1314803
1314804
1314805
1314806
1314807
1314808
1314809
1318304
1318329
1319340
1319341
1319342
1322300
1322370
1322390
1323385
1323386
1323387
1323388
1323389
1324325
1324326
1324327
1327100
1327101
1327102
1327103
1327104
1327105
1327106
1327107
1327108
1327109
1327110
1327111
1327370
1327382
1327383
1327384
1328370
1550370
1550380
1550381
1550382
1550383
1550384
1550385
1550386
1550387
1550388
1550389
1551420
1551464
1551490
1551491
1551492
1551493
1551494
1551495
1551496
1551497
1551498
1551499
1551700
1551701
1551702
1551703
1551704
1551705
1551706
1551707
1551708
1551709
1551747
1551860
1551861
1551862
1551863
1551864
1551865
1551866
1551867
1551868
1551869
1551870
1551871
1551872
1551873
1551874
1551875
1551876
1553700
1553701
1553702
1553703
1553704
1553705
1553706
1553707
1553708
1553709
1553900
1553901
1553902
1553903
1553904
1553905
1553906
1553907
1553908
1553909
1553977
1554442
1554443
1556000
1556001
1556002
1556003
1556004
1556005
1556006
1556007
1556008
1556009
1556500
1556501
1556502
1556503
1556504
1556583
1556587
1560370
1561700
1561701
1561702
1561703
1561704
1561705
1561706
1561707
1561708
1561709
1563700
1563701
1563702
1563703
1563704
1563705
1563706
1563707
1563708
1563709
1563863
1564934
1564990
1564991
1564992
1564993
1564994
1566400
1566401
1567047
1567048
1567054
1569076
1569077
1850370
1853025
1853026
1853027
1853028
1853029
1853049
1853075
1853076
1853077
1853078
1853079
1853700
1853701
1853702
1853703
1853704
1853705
1853706
1853707
1853708
1853709
1853985
1853986
1853987
1853988
1853989
1860370
1861499
1862385
1862386
1862387
1862388
1863700
1863701
1863702
1863703
1863704
1863705
1863706
1863707
1863708
1863709
1863804
1863840
1863841
1863842
1863843
1863903
1863904
1863905
1863975
1452300
1452301
1452302
1454210
1458400
1458401
1458402
1458403
1458404
1473806
1478370
1478410
1478411
1478412
1478413
1478414
1478820
1478821
1478822
1478823
1478824
1478825
1478826
1478827
1478828
1478829