1330371
1330381
1330382
1330383
1330384
1330385
1330386
1332371
1332381
1332382
1332383
1332384
1332385
1332386
1333371
1333381
1333382
1333383
1333384
1333385
1333386
1334371
1334381
1334382
1334383
1334384
1334385
1334386
1334693
1334694
1334695
1335371
1335380
1337390
1337391
1337392
1337393
1337394
1337395
1338371
1338381
1338382
1338383
1338384
1338385
1338386
1338400
1338401
1338402
1338403
1338404
1339370
1339371
1339372
1339373
1339374
1530371
1530372
1530381
1530382
1530383
1530384
1532471
1532472
1532473
1532474
1532480
1532481
1532482
1532483
1532484
1532485
1532486
1532487
1532488
1532489
1532490
1532491
1532492
1532493
1532494
1532495
1532496
1532497
1532498
1532499
1533120
1533371
1533380
1533381
1533382
1533383
1533386
1534371
1534380
1534381
1534382
1534383
1534656
1534657
1534658
1534659
1537870
1537871
1537872
1537873
1537874
1537875
1537876
1537877
1537878
1537879
1539370
1539371
1800371
1800381
1800382
1800383
1800384
1800385
1800386
1803710
1803711
1803712
1803713
1803714
1803715
1803716
1803717
1803718
1803719
1803727
1803730
1803731
1803732
1803733
1803737
1803738
1803745
1803746
1803747
1803748
1803749
1803750
1803751
1803757
1803767
1803768
1803769
1803777
1803778
1803779
1803780
1803781
1803786
1803787
1803788
1803789
1803910
1803911
1803920
1803921
1803922
1803923
1803927
1803928
1803929
1803933
1803950
1803951
1803954
1803955
1803957
1803966
1803967
1803997
1890371
1890381
1890382
1890383
1890384
1890385
1890386
1893710
1893711
1893712
1893713
1893714
1893715
1893716
1893717
1893718
1893719
1893762
1893763
1893764
1893765
1893767
1893924
1893925
1893926
1893950
1893951
1893952
1893956
1893957
1810032
1810033
1810371
1810381
1810382
1810383
1810384
1810385
1810386
1813471
1813473
1813474
1813710
1813711
1813712
1813713
1813714
1813715
1813716
1813717
1813718
1813719
1813727
1813733
1813737
1813747
1813766
1813767
1813777
1813778
1813779
1813780
1813781
1813782
1813783
1813784
1813785
1813786
1813787
1813788
1813789
1340371
1346020
1346021
1346022
1346023
1346025
1346026
1346027
1346028
1346029
1346030
1346031
1346032
1346033
1346034
1346035
1346036
1346037
1346038
1346039
1346040
1346041
1346044
1346045
1346046
1350345
1350371
1350381
1350382
1350383
1350384
1350385
1350386
1350399
1351371
1351380
1351389
1352300
1352301
1352302
1352303
1352304
1352305
1352306
1352307
1352308
1352309
1352340
1352341
1352342
1352343
1352344
1352345
1352346
1352347
1352348
1352349
1352350
1352351
1352352
1352353
1352354
1352355
1352356
1352357
1352358
1352359
1352371
1352550
1352551
1352552
1352553
1352554
1352555
1352556
1352557
1352558
1352559
1352640
1352641
1352642
1352643
1352644
1352645
1352646
1352647
1352648
1352649
1352650
1352651
1352652
1352653
1352654
1352655
1352656
1352657
1352658
1352659
1352660
1352661
1352662
1352663
1352664
1352665
1352666
1352667
1352668
1352669
1352670
1352671
1352672
1352673
1352674
1352675
1352676
1352677
1352678
1352679
1352680
1352681
1352682
1352683
1352684
1352685
1352686
1352687
1352688
1352689
1359240
1359241
1359242
1359243
1359244
1359245
1359246
1359247
1359248
1359249
1359250
1359251
1359252
1359253
1359254
1359255
1359256
1359257
1359258
1359259
1359260
1359261
1359262
1359263
1359264
1359265
1359266
1359267
1359268
1359269
1359800
1359801
1359802
1359803
1359804
1359805
1359806
1359807
1359808
1359809
1359840
1359841
1359842
1359843
1359844
1359880
1359881
1359882
1359883
1359884
1359885
1359886
1359887
1359888
1359889
1360345
1360371
1360382
1360384
1360386
1360398
1360399
1360764
1360765
1360766
1360767
1360768
1360769
1360867
1360868
1360869
1361371
1361380
1361381
1361382
1361383
1361384
1361385
1361386
1361984
1362371
1362380
1362381
1362382
1362383
1362384
1362385
1362386
1362984
1363371
1363380
1363381
1363382
1363383
1363384
1363385
1363386
1364371
1364380
1364381
1364382
1364383
1364384
1364385
1364386
1365371
1365380
1365381
1365382
1365383
1365384
1365385
1365386
1365397
1366300
1366301
1366371
1366380
1366381
1366382
1366383
1366384
1366385
1366386
1367335
1367336
1367337
1367338
1367339
1367360
1367361
1367362
1367363
1367364
1367365
1367366
1367367
1367368
1367369
1367371
1367397
1367399
1367490
1367491
1367492
1367493
1367494
1367495
1367496
1367497
1367498
1367499
1367690
1367691
1367692
1367693
1367694
1367695
1367696
1367697
1367698
1367699
1368371
1368380
1368381
1368382
1368383
1369371
1370084
1370085
1370086
1370087
1370088
1370371
1370382
1370384
1370386
1370390
1370392
1370393
1370395
1370398
1370399
1372140
1372141
1372142
1372143
1372144
1373315
1373316
1373317
1373318
1373319
1373380
1373381
1373382
1373383
1373384
1373385
1373386
1373387
1373388
1373389
1374038
1374840
1374841
1374842
1374843
1374844
1374845
1374846
1374847
1374848
1374849
1374850
1374851
1374852
1374853
1374854
1374855
1374856
1374857
1374858
1374859
1374885
1374886
1374887
1374888
1374889
1374895
1374896
1374897
1374898
1374899
1374900
1374901
1374902
1374903
1374904
1374905
1374906
1374907
1374908
1374909
1374910
1374911
1374917
1374918
1374919
1378340
1378341
1378342
1378343
1378344
1378345
1378346
1378347
1378348
1378349
1378350
1378351
1378352
1378353
1378354
1378355
1378356
1378357
1378358
1378359
1378360
1378361
1378362
1378363
1378364
1378365
1378366
1378367
1378368
1378369
1378371
1380371
1380381
1380382
1380383
1380384
1380385
1380386
1380389
1380399
1383710
1383711
1383712
1383713
1383714
1383715
1383716
1383717
1383718
1383719
1383800
1383801
1383802
1383803
1383804
1383805
1383806
1383807
1383808
1383809
1383810
1383811
1383812
1383813
1383814
1383815
1383816
1383817
1383818
1383819
1383820
1383821
1383822
1383823
1383824
1383825
1383826
1383827
1383828
1383829
1383830
1383831
1383832
1383833
1383834
1383835
1383836
1383837
1383838
1383839
1383850
1383851
1383852
1383853
1383854
1383855
1383856
1383857
1383858
1383859
1384900
1384901
1384902
1384903
1384904
1384905
1384906
1384907
1384908
1384909
1384910
1384911
1384917
1384918
1384919
1390371
1390381
1390382
1390383
1390384
1390385
1390386
1393710
1393711
1393712
1393713
1393714
1393715
1393716
1393717
1393718
1393719
1393820
1393821
1393822
1393823
1393824
1393825
1393826
1393827
1393828
1393829
1393840
1393841
1393842
1393843
1393844
1393845
1393846
1393847
1393848
1393849
1393850
1393851
1393852
1393853
1393854
1393855
1393856
1393857
1393858
1393859
1393900
1393901
1393902
1393903
1393904
1393905
1393906
1393907
1393908
1393909
1394900
1394901
1394902
1394903
1394904
1394905
1394906
1394907
1394908
1394909
1394910
1394911
1394912
1394913
1394914
1500371
1500380
1500381
1500382
1500383
1500384
1500385
1500386
1500387
1500388
1500389
1500399
1503600
1503601
1503602
1503603
1503604
1503605
1503606
1503607
1503608
1503609
1503610
1503611
1503612
1503613
1503614
1503615
1503616
1503617
1503618
1503619
1503710
1503711
1503712
1503713
1503714
1503715
1503716
1503717
1503718
1503719
1503800
1503801
1503802
1503803
1503804
1503805
1503806
1503807
1503808
1503809
1503810
1503811
1503812
1503813
1503814
1503815
1503816
1503817
1503818
1503819
1503820
1503821
1503822
1503823
1503824
1503825
1503826
1503827
1503828
1503829
1503830
1503831
1503832
1503833
1503834
1503835
1503836
1503837
1503838
1503839
1503905
1503906
1503907
1503908
1503909
1509305
1509306
1509307
1509308
1509309
1509310
1509311
1509312
1509313
1509314
1509315
1509316
1509317
1509318
1509319
1509320
1509321
1509322
1509323
1509324
1509325
1509326
1509327
1509328
1509329
1509330
1509331
1509332
1509333
1509334
1509335
1509336
1509337
1509338
1509339
1509340
1509341
1509342
1509343
1509344
1509345
1509346
1509347
1509348
1509349
1510371
1513610
1513611
1513612
1513613
1513614
1513615
1513616
1513617
1513618
1513619
1513620
1513621
1513622
1513623
1513624
1513625
1513626
1513627
1513628
1513629
1513640
1513641
1513642
1513643
1513644
1513645
1513646
1513647
1513648
1513649
1513710
1513711
1513712
1513713
1513714
1513715
1513716
1513717
1513718
1513719
1513845
1513846
1513847
1513848
1513849
1513865
1513866
1513867
1513868
1513869
1513890
1513891
1513892
1513893
1513894
1513895
1513896
1513897
1513898
1513899
1518830
1518831
1518832
1518833
1518834
1518835
1518836
1518837
1518838
1518839
1520371
1522505
1522506
1522507
1522508
1522509
1522510
1522511
1522512
1522513
1522514
1522515
1522516
1522517
1522518
1522519
1523710
1523711
1523712
1523713
1523714
1523715
1523716
1523717
1523718
1523719
1523800
1523801
1523802
1523803
1523804
1523805
1523806
1523807
1523808
1523809
1523830
1523831
1523832
1523833
1523834
1523835
1523836
1523837
1523838
1523839
1523860
1523861
1523862
1523863
1523864
1523865
1523866
1523867
1523868
1523869
1524965
1524966
1524967
1524968
1524969
1528680
1528681
1528682
1528683
1528684
1529040
1529041
1529042
1529043
1529044
1529080
1529081
1529082
1529083
1529084
1529085
1529086
1529087
1529088
1529089
1529460
1529461
1529462
1529463
1529464
1570371
1571366
1571367
1571368
1571369
1571371
1571380
1571381
1571382
1571383
1571384
1571385
1571386
1571387
1571388
1571389
1571648
1572936
1572937
1572938
1572939
1572944
1573670
1573671
1573672
1573673
1573674
1573675
1573676
1573677
1573678
1573679
1573710
1573711
1573712
1573713
1573714
1573715
1573716
1573717
1573718
1573719
1573830
1573831
1573832
1573833
1573834
1573835
1573836
1573837
1573838
1573839
1573840
1573841
1573842
1573850
1573880
1573881
1573882
1573883
1573884
1573885
1573886
1573887
1573888
1573889
1580371
1580380
1580381
1580382
1580383
1580384
1580385
1580386
1580387
1580388
1580389
1580399
1582480
1582481
1582482
1582483
1582484
1582485
1582486
1582487
1582488
1582489
1583710
1583711
1583712
1583713
1583714
1583715
1583716
1583717
1583718
1583719
1583800
1583801
1583802
1583803
1583804
1583805
1583806
1583807
1583808
1583809
1583810
1583811
1583812
1583813
1583814
1583815
1583816
1583817
1583818
1583819
1583820
1583821
1583822
1583823
1583824
1583825
1583826
1583827
1583828
1583829
1583830
1583831
1583832
1583833
1583834
1583835
1583836
1583837
1583838
1583839
1589000
1589001
1589002
1589003
1589004
1589005
1589006
1589007
1589008
1589009
1589010
1589011
1589012
1589013
1589014
1589015
1589016
1589017
1589018
1589019
1589060
1589061
1589062
1589063
1589064
1589065
1589066
1589067
1589068
1589069
1590360
1590361
1590362
1590363
1590364
1590365
1590366
1590367
1590368
1590369
1590371
1590399
1593620
1593621
1593622
1593623
1593624
1593625
1593626
1593627
1593628
1593629
1593710
1593711
1593712
1593713
1593714
1593715
1593716
1593717
1593718
1593719
1593870
1593871
1593872
1593873
1593874
1593875
1593876
1593877
1593878
1593879
1593900
1593901
1593902
1593903
1593904
1597840
1597841
1597842
1597843
1597844
1598180
1598181
1598182
1598183
1598184
1598185
1598186
1598187
1598188
1598189
1598190
1598191
1598192
1598193
1598194
1598195
1598196
1598197
1598198
1598199
1820360
1820361
1820362
1820363
1820364
1820365
1820366
1820367
1820368
1820369
1820371
1820397
1820399
1822450
1822451
1822452
1822453
1822454
1823640
1823641
1823642
1823643
1823644
1823675
1823676
1823677
1823678
1823679
1823690
1823691
1823692
1823693
1823694
1823695
1823696
1823697
1823698
1823699
1823710
1823711
1823712
1823713
1823714
1823715
1823716
1823717
1823718
1823719
1823990
1823991
1823992
1823993
1823994
1823995
1823996
1823997
1823998
1823999
1830066
1830067
1830068
1830069
1830070
1830371
1833600
1833601
1833630
1833631
1833632
1833633
1833634
1833635
1833636
1833637
1833638
1833639
1833646
1833710
1833711
1833712
1833713
1833714
1833715
1833716
1833717
1833718
1833719
1833920
1833921
1833922
1833923
1833924
1833925
1833926
1833927
1833928
1833929
1833980
1833981
1833982
1833983
1833984
1833990
1833991
1833992
1833993
1833994
1833995
1833996
1833997
1833998
1833999
1834840
1834841
1834842
1834843
1840371
1843710
1843711
1843712
1843713
1843714
1843715
1843716
1843717
1843718
1843719
1843980
1843981
1843982
1843983
1843984
1843985
1843986
1843987
1843988
1843989
1843990
1843991
1843992
1843993
1843994
1843995
1843996
1843997
1843998
1843999
1870360
1870361
1870362
1870363
1870364
1870365
1870366
1870367
1870368
1870369
1870371
1870380
1870381
1870382
1870383
1870384
1870385
1870386
1870387
1870388
1870389
1870397
1870399
1873600
1873601
1873602
1873603
1873604
1873605
1873606
1873607
1873608
1873609
1873710
1873711
1873712
1873713
1873714
1873715
1873716
1873717
1873718
1873719
1873810
1873811
1873812
1873813
1873814
1873815
1873816
1873817
1873818
1873819
1873990
1873991
1873992
1873993
1873994
1874940
1874941
1874942
1874943
1874944
1874945
1874946
1874947
1874948
1874949
1876885
1876886
1876887
1876888
1876889
1879025
1879026
1879027
1879028
1879029
1880369
1880371
1880397
1883710
1883711
1883712
1883713
1883714
1883715
1883716
1883717
1883718
1883719
1883800
1883801
1883802
1883803
1883804
1883805
1883806
1883807
1883808
1883809
1883810
1883811
1883812
1883813
1883814
1883815
1883816
1883817
1883818
1883819
1883820
1883821
1883822
1883823
1883824
1883825
1883826
1883827
1883828
1883829
1883977
1883978
1883979
1884882
1884883
1884884
1884885
1884886
1884887
1884888
1884889
1886035
1886036
1886037
1886038
1886039
1300750
1300751
1300752
1300753
1300754
1300760
1300761
1300762
1301076
1301450
1301451
1301452
1301453
1301454
1301455
1301456
1301457
1301458
1301459
1301460
1301461
1301462
1301463
1301464
1301465
1301466
1301467
1301468
1301469
1301550
1301551
1301552
1301553
1301554
1301765
1301766
1301767
1301768
1301769
1302750
1302751
1302752
1302760
1302761
1302762
1302770
1302771
1302772
1302773
1302774
1302775
1302776
1302777
1302778
1302779
1304301
1304371
1304397
1304399
1304451
1304470
1304471
1307100
1307101
1307102
1307103
1307104
1307105
1307106
1307107
1307108
1307109
1307370
1307371
1307372
1307373
1307374
1307375
1307376
1307377
1307378
1307379
1308360
1308366
1308369
1308371
1310171
1310371
1310381
1310382
1310383
1310384
1310385
1310386
1312324
1313710
1313711
1313712
1313713
1313714
1313715
1313770
1313771
1313772
1313773
1313794
1314000
1314001
1314002
1314003
1314004
1314005
1314006
1314007
1314008
1314009
1314010
1314011
1314012
1314013
1314014
1314015
1314016
1314017
1314018
1314019
1316430
1316431
1316432
1316433
1316434
1316435
1316436
1316437
1316438
1316439
1318300
1318301
1320370
1320371
1320372
1320373
1320374
1320380
1320381
1320382
1320383
1320384
1320385
1320386
1320387
1320388
1320389
1321300
1321301
1321302
1321303
1321304
1321305
1321306
1321307
1321308
1321309
1321310
1321311
1321312
1321313
1321314
1321315
1321316
1321317
1321318
1321319
1321320
1321321
1321322
1321323
1321324
1321599
1322301
1322302
1322303
1322304
1322305
1322306
1322307
1322308
1322309
1322371
1324342
1324343
1324344
1325330
1325331
1325332
1325333
1325334
1325335
1325336
1325337
1325338
1325339
1325340
1325341
1325342
1325343
1325344
1325345
1325346
1325347
1325348
1325349
1325350
1325351
1325352
1325353
1325354
1325355
1325356
1325357
1325358
1325359
1325360
1325361
1325362
1325363
1325364
1325365
1325366
1325367
1325368
1325369
1325592
1325596
1327155
1327156
1327157
1327158
1327159
1327302
1327371
1327380
1327381
1327597
1327690
1328371
1328380
1328381
1328382
1328383
1328384
1328385
1328386
1328387
1328388
1328389
1328507
1329090
1329094
1329096
1329810
1329811
1329812
1329813
1329814
1329815
1329816
1329817
1329818
1329819
1329830
1329831
1329832
1329833
1329834
1329835
1329836
1329840
1329841
1329842
1550371
1551435
1551436
1551437
1551438
1551439
1551450
1551451
1551452
1551453
1551454
1551455
1551456
1551457
1551458
1551459
1551550
1551551
1551552
1551553
1551554
1551555
1551556
1551557
1551558
1551559
1551560
1551561
1551562
1551563
1551564
1551565
1551566
1551567
1551568
1551569
1551570
1551571
1551572
1551573
1551574
1551575
1551576
1551577
1551578
1551579
1551580
1551581
1551582
1551583
1551584
1551585
1551586
1551587
1551588
1551589
1551590
1551591
1551592
1551593
1551594
1551595
1551596
1551597
1551598
1551599
1551615
1551616
1551617
1551618
1551619
1551690
1551691
1551692
1551693
1551694
1551695
1551696
1551697
1551698
1551699
1551710
1551711
1551712
1551713
1551714
1551715
1551716
1551717
1551718
1551719
1551750
1551751
1551752
1551753
1551754
1551755
1551756
1551757
1551758
1551759
1553710
1553711
1553712
1553713
1553714
1553715
1553716
1553717
1553718
1553719
1553800
1553801
1553802
1553803
1553804
1553805
1553806
1553807
1553808
1553809
1553810
1553811
1553812
1553813
1553814
1553815
1553816
1553817
1553818
1553819
1553820
1553821
1553822
1553823
1553824
1553825
1553826
1553827
1553828
1553829
1553830
1553831
1553832
1553833
1553834
1553835
1553836
1553837
1553838
1553839
1553870
1553871
1554407
1554408
1554409
1554410
1554411
1554412
1554413
1554414
1554415
1554416
1554417
1554418
1554419
1556505
1556506
1556507
1556508
1556509
1556540
1560371
1560390
1561740
1561741
1561742
1561743
1561744
1561750
1561751
1561752
1561753
1561754
1561755
1561756
1561757
1561758
1561759
1561760
1561761
1561762
1561763
1561764
1561765
1561766
1561767
1561768
1561769
1561770
1561771
1561772
1561773
1561774
1561775
1561776
1561777
1561778
1561779
1561780
1561781
1561782
1561783
1561784
1561785
1561786
1561787
1561788
1561789
1561790
1561791
1561792
1561793
1561794
1561795
1561796
1561797
1561798
1563710
1563711
1563712
1563713
1563714
1563715
1563716
1563717
1563718
1563719
1563810
1563811
1563812
1563813
1563814
1563815
1563816
1563817
1563818
1563819
1563820
1563821
1563822
1563823
1563824
1563825
1563826
1563827
1563828
1563829
1563840
1563841
1563842
1563843
1563844
1563845
1563846
1563847
1563848
1563849
1563850
1563851
1563852
1563853
1563854
1563855
1563856
1563857
1563858
1563859
1563880
1563881
1563882
1563883
1563884
1563885
1563886
1563887
1563888
1563889
1563890
1563891
1563892
1563893
1563894
1563900
1563901
1563902
1563903
1563904
1563905
1563906
1563907
1563908
1563909
1563925
1563926
1563927
1563928
1563929
1563970
1563971
1563972
1563973
1563974
1563975
1563976
1563977
1563978
1563979
1563990
1563991
1563992
1563993
1563994
1564900
1564901
1564902
1564903
1564904
1564905
1564906
1564907
1564908
1564909
1564910
1564911
1564912
1564913
1564914
1564920
1564921
1564922
1564923
1564924
1564925
1564926
1564927
1564928
1564929
1564930
1564931
1564932
1564933
1564965
1564966
1564967
1564968
1564969
1564985
1564986
1564987
1566402
1566403
1566404
1566405
1566410
1566411
1566412
1566413
1566414
1566415
1566416
1566417
1566418
1566419
1567060
1567061
1567062
1567063
1569084
1569085
1569086
1569087
1569088
1850371
1850380
1850381
1850382
1850383
1850384
1850385
1850386
1850387
1850388
1850389
1853000
1853001
1853002
1853003
1853004
1853005
1853006
1853007
1853008
1853009
1853080
1853081
1853082
1853083
1853084
1853085
1853086
1853087
1853088
1853089
1853090
1853091
1853092
1853093
1853094
1853095
1853096
1853097
1853098
1853099
1853710
1853711
1853712
1853713
1853714
1853715
1853716
1853717
1853718
1853719
1853800
1853801
1853802
1853803
1853804
1853805
1853806
1853807
1853808
1853809
1853810
1853811
1853812
1853813
1853814
1853815
1853816
1853817
1853818
1853819
1853820
1853821
1853822
1853823
1853824
1853825
1853826
1853827
1853828
1853829
1853830
1853831
1853832
1853840
1853841
1853842
1853843
1853850
1853851
1853852
1853853
1853854
1853855
1853856
1853857
1853858
1853859
1853870
1853871
1853872
1853873
1853874
1853875
1853876
1853877
1853878
1853879
1853892
1853893
1853894
1853924
1853925
1853926
1853927
1853928
1853929
1853940
1853941
1853942
1853943
1853944
1853945
1853946
1853947
1853948
1853949
1853956
1853957
1853990
1853991
1853992
1853993
1853994
1853995
1853996
1853997
1853998
1853999
1860371
1860381
1860382
1860383
1860384
1860385
1860386
1861371
1861495
1861496
1861497
1861498
1862371
1862490
1862491
1862492
1862493
1862494
1862495
1862496
1862497
1862498
1862499
1862550
1862551
1862552
1862553
1862554
1862555
1862556
1862557
1862558
1862559
1862577
1862578
1863710
1863711
1863712
1863713
1863714
1863715
1863716
1863717
1863718
1863719
1863800
1863801
1863802
1863803
1863810
1863811
1863812
1863813
1863814
1863815
1863816
1863817
1863818
1863819
1863820
1863821
1863822
1863823
1863824
1863825
1863826
1863827
1863828
1863829
1863839
1863850
1863851
1863852
1863853
1863854
1863855
1863856
1863857
1863858
1863859
1863860
1863861
1863862
1863863
1863864
1863865
1863866
1863867
1863868
1863869
1863870
1863871
1863872
1863873
1863874
1863875
1863876
1863877
1863878
1863879
1863892
1863893
1863894
1863900
1863901
1863902
1863955
1863957
1869580
1869581
1869582
1869583
1869584
1869585
1869586
1869587
1869588
1869589
1869590
1869730
1869731
1869732
1869733
1869734
1452310
1452311
1452312
1452313
1452314
1452315
1452316
1452317
1452318
1452319
1452320
1452321
1452322
1454200
1454201
1454202
1454203
1454204
1458405
1458406
1458407
1458408
1458409
1458410
1458411
1458412
1458413
1458414
1458415
1458416
1458417
1458418
1458419
1473710
1473711
1473712
1473713
1473714
1473715
1473716
1473717
1473718
1473719
1476527
1478315
1478316
1478317
1478318
1478319
1478371
1478420
1478421
1478422
1478423
1478424
1478880
1478881
1478882
1478883
1478884
1478885
1478886
1478887
1478888
1478889