1330377
1332368
1332369
1332377
1333360
1333361
1333362
1333363
1333364
1333365
1333366
1333367
1333368
1333369
1333377
1334369
1334377
1334696
1334697
1335377
1338377
1338407
1338408
1530377
1532476
1532477
1533377
1534377
1534640
1534641
1534642
1534643
1534644
1534645
1534646
1800377
1803770
1803771
1803930
1803931
1803968
1890377
1893770
1893771
1893772
1893773
1893774
1893775
1893776
1893777
1893778
1893779
1893920
1893921
1893922
1810377
1813723
1813730
1340377
1340925
1340926
1340927
1340928
1340929
1341990
1341991
1341992
1341993
1341994
1346191
1346192
1346194
1346196
1346197
1346198
1346250
1346251
1346252
1346253
1346254
1346255
1346256
1346257
1346258
1346259
1346260
1346261
1346262
1346263
1346264
1346265
1346266
1346267
1346268
1346269
1350377
1350387
1350390
1350763
1351377
1352364
1352365
1352366
1352367
1352377
1352510
1352511
1352512
1352513
1352514
1352515
1352516
1352517
1352518
1352519
1352565
1352566
1352567
1352568
1352569
1356920
1356921
1356922
1356923
1356924
1356925
1356926
1356927
1356928
1356929
1359820
1359821
1359822
1359823
1359824
1359825
1359826
1359827
1359828
1359829
1360341
1360377
1360763
1360845
1361377
1361387
1361399
1362377
1362399
1363377
1363399
1363967
1364377
1364399
1365377
1366305
1366377
1366399
1367377
1367389
1368377
1368390
1368391
1368392
1368398
1368399
1369377
1369384
1369385
1369386
1369387
1369388
1370077
1370341
1370345
1370377
1370763
1372180
1372181
1372182
1372183
1372184
1372300
1372301
1372302
1372303
1372304
1373310
1373311
1373312
1373313
1373314
1374970
1374971
1374977
1374978
1374979
1378175
1378176
1378177
1378178
1378179
1378200
1378201
1378202
1378203
1378204
1378205
1378206
1378207
1378208
1378209
1378210
1378211
1378212
1378213
1378214
1378215
1378216
1378217
1378218
1378219
1378377
1380377
1380387
1383770
1383771
1383772
1383773
1383774
1383775
1383776
1383777
1383778
1383779
1383870
1383871
1383872
1383873
1383874
1383875
1383876
1383877
1383878
1383879
1383895
1383896
1383897
1383898
1383899
1384970
1384971
1384977
1384978
1384979
1390377
1393770
1393771
1393772
1393773
1393774
1393775
1393776
1393777
1393778
1393779
1393895
1393896
1393897
1393898
1393899
1394930
1394931
1394932
1394933
1394934
1394935
1394936
1394937
1394938
1394939
1500377
1503620
1503621
1503622
1503623
1503624
1503625
1503626
1503627
1503628
1503629
1503770
1503771
1503772
1503773
1503774
1503775
1503776
1503777
1503778
1503779
1503870
1503871
1503872
1503873
1503874
1503875
1503876
1503877
1503878
1503879
1508330
1508331
1508332
1508333
1508334
1508335
1508336
1508337
1508338
1508339
1508340
1508341
1508342
1508343
1508344
1509010
1509011
1509012
1509013
1509014
1509300
1509301
1509302
1509303
1509304
1510377
1513665
1513666
1513667
1513668
1513669
1513770
1513771
1513772
1513773
1513774
1513775
1513776
1513777
1513778
1513779
1513840
1513841
1513842
1513843
1513844
1513860
1513861
1513862
1513863
1513864
1513900
1513901
1513902
1513903
1513904
1513905
1513906
1513907
1513908
1513909
1518820
1518821
1518822
1518823
1518824
1518845
1518846
1518847
1518848
1518849
1520377
1520380
1520381
1520382
1520383
1520384
1520385
1520386
1520387
1520388
1520389
1522485
1522486
1522487
1522488
1522489
1522560
1522561
1522562
1522563
1522564
1522565
1522566
1522567
1522568
1522569
1523600
1523601
1523602
1523603
1523604
1523605
1523606
1523607
1523608
1523609
1523770
1523771
1523772
1523773
1523774
1523775
1523776
1523777
1523778
1523779
1523810
1523811
1523812
1523813
1523814
1523815
1523816
1523817
1523818
1523819
1529030
1529031
1529032
1529033
1529034
1529035
1529036
1529037
1529038
1529039
1570377
1571377
1571641
1571660
1571661
1571662
1571663
1571664
1571665
1572916
1572917
1572918
1572919
1572946
1573760
1573761
1573770
1573771
1573772
1573773
1573774
1573775
1573776
1573777
1573778
1573779
1573805
1573806
1573807
1573808
1573809
1573847
1573868
1580377
1583770
1583771
1583772
1583773
1583774
1583775
1583776
1583777
1583778
1583779
1583840
1583841
1583842
1583843
1583844
1583845
1583846
1583847
1583848
1583849
1583870
1583871
1583872
1583873
1583874
1583875
1583876
1583877
1583878
1583879
1583990
1583991
1583992
1583993
1583994
1583995
1583996
1583997
1583998
1583999
1589040
1589041
1589042
1589043
1589044
1589085
1589086
1589087
1589088
1589089
1589330
1589331
1589332
1589333
1589334
1589335
1589336
1589337
1589338
1589339
1589350
1589351
1589352
1589353
1589354
1589355
1589356
1589357
1589358
1589359
1590377
1593610
1593611
1593612
1593613
1593614
1593615
1593616
1593617
1593618
1593619
1593640
1593641
1593642
1593643
1593644
1593770
1593771
1593772
1593773
1593774
1593775
1593776
1593777
1593778
1593779
1593840
1593841
1593842
1593843
1593844
1593845
1593846
1593847
1593848
1593849
1593880
1593881
1593882
1593883
1593884
1593885
1593886
1593887
1593888
1593889
1599310
1599311
1599312
1599313
1599314
1599315
1599316
1599317
1599318
1599319
1820377
1820380
1820381
1820382
1820383
1820384
1820385
1820386
1820387
1820388
1820389
1821180
1821181
1821182
1821183
1821184
1821185
1821186
1821187
1821188
1821189
1823770
1823771
1823772
1823773
1823774
1823775
1823776
1823777
1823778
1823779
1823810
1823811
1823812
1823813
1823814
1823815
1823816
1823817
1823818
1823819
1823840
1823841
1823842
1823843
1823844
1824055
1824056
1824057
1824058
1824059
1827275
1827276
1827277
1827278
1827279
1830377
1831720
1831721
1831722
1831723
1831724
1833645
1833660
1833661
1833662
1833663
1833664
1833665
1833666
1833667
1833668
1833669
1833770
1833771
1833772
1833773
1833774
1833775
1833776
1833777
1833778
1833779
1833810
1833811
1833812
1833813
1833814
1833815
1833816
1833817
1833818
1833819
1833820
1833821
1833822
1833823
1833824
1833825
1833826
1833827
1833828
1833829
1833830
1833831
1833832
1833833
1833834
1833835
1833836
1833837
1833838
1833839
1834800
1834801
1834802
1834803
1834804
1834805
1834806
1834807
1840377
1843770
1843771
1843772
1843773
1843774
1843775
1843776
1843777
1843778
1843779
1843881
1843882
1843883
1843884
1843885
1843886
1843887
1843888
1843889
1843890
1843891
1843892
1843893
1843894
1843895
1843896
1843897
1843898
1843899
1870377
1873650
1873651
1873652
1873653
1873654
1873655
1873656
1873657
1873658
1873659
1873660
1873661
1873662
1873663
1873664
1873665
1873666
1873667
1873668
1873669
1873770
1873771
1873772
1873773
1873774
1873775
1873776
1873777
1873778
1873779
1873870
1873871
1873872
1873873
1873874
1873875
1873876
1873877
1873878
1873879
1873900
1873901
1873902
1873903
1873904
1874900
1874901
1874902
1874903
1874904
1874905
1874906
1874907
1874908
1874909
1880368
1880377
1883770
1883771
1883772
1883773
1883774
1883775
1883776
1883777
1883778
1883779
1886022
1886451
1886452
1886453
1886454
1886455
1886456
1886457
1886458
1886459
1303760
1303761
1303762
1303763
1303764
1303765
1303766
1303767
1303768
1303769
1304377
1304390
1308377
1308703
1310174
1310177
1310367
1310368
1310377
1313707
1313708
1313709
1313777
1313778
1313779
1314051
1314052
1318330
1318331
1319365
1319366
1319367
1319368
1319369
1319380
1319381
1319382
1319383
1319384
1320375
1320376
1320377
1320378
1320379
1321370
1321371
1321372
1321373
1321374
1321375
1321376
1321377
1321378
1321379
1324312
1324313
1324314
1324315
1326200
1326201
1326202
1326203
1326204
1326205
1326206
1326207
1326208
1326209
1327130
1327131
1327132
1327133
1327134
1327135
1327136
1327137
1327138
1327139
1327178
1327179
1327377
1327379
1328377
1328379
1550377
1551410
1551411
1551412
1551413
1551414
1551415
1551416
1551417
1551418
1551419
1551770
1551771
1551772
1551773
1551893
1551894
1551895
1551896
1551897
1551898
1551899
1553770
1553771
1553772
1553773
1553774
1553775
1553776
1553777
1553778
1553779
1553840
1553841
1553842
1553843
1553844
1553845
1553846
1553847
1553848
1553849
1553872
1553873
1553874
1553875
1553876
1553877
1553878
1553879
1553990
1553991
1553992
1553993
1553994
1553995
1553996
1553997
1553998
1553999
1554436
1554437
1554438
1554439
1556547
1556548
1556564
1556565
1556566
1556567
1556568
1556569
1556575
1556576
1556577
1556578
1560377
1563770
1563771
1563772
1563773
1563774
1563775
1563776
1563777
1563778
1563779
1563895
1563896
1563897
1563898
1563899
1564935
1564936
1564937
1564938
1564939
1566425
1566426
1566427
1567020
1567021
1567022
1567023
1567024
1567025
1567026
1567027
1567028
1567029
1567066
1567067
1567068
1567069
1569069
1569070
1850377
1853048
1853065
1853066
1853067
1853068
1853069
1853734
1853735
1853736
1853770
1853771
1853772
1853773
1853774
1853775
1853776
1853777
1853778
1853779
1853844
1853845
1853846
1853895
1853896
1853897
1853898
1853899
1856715
1856716
1856717
1856718
1856719
1856725
1856726
1856727
1856728
1856729
1860377
1861377
1862377
1862390
1862399
1862475
1862476
1862477
1862478
1862479
1862480
1862481
1862560
1862561
1862562
1862565
1862566
1862567
1862568
1862569
1863770
1863771
1863772
1863773
1863774
1863775
1863776
1863777
1863778
1863779
1863833
1863844
1863845
1863846
1863895
1863896
1863897
1863898
1863899
1863979
1863981
1863982
1869596
1869597
1869598
1869777
1889815
1889816
1889817
1889818
1889819
1568810
1568811
1568812
1568813
1568814
1568815
1568816
1568817
1568818
1568819
1856874
1856875
1856876
1856877
1856878
1856879
1452333
1452334
1452335
1452336
1452337
1454215
1454863
1458505
1458506
1458507
1458508
1458509
1473800
1473801
1478345
1478346
1478347
1478348
1478349
1478377
1478860
1478861
1478862
1478863
1478864
1478865
1478866
1478867
1478868
1478869