1330392
1332361
1332392
1333392
1334392
1334680
1335392
1338392
1530392
1534625
1534626
1534627
1534628
1534629
1800392
1890392
1893923
1893927
1893928
1893929
1810392
1340392
1346190
1346193
1346195
1346199
1350392
1352392
1356963
1356964
1356965
1356966
1360392
1361392
1362392
1363392
1364392
1365392
1366392
1367392
1369392
1374920
1374921
1374922
1374923
1378300
1378301
1378302
1378303
1378304
1378392
1380392
1383920
1383921
1383922
1383923
1383924
1384920
1384921
1384922
1384923
1390392
1393800
1393920
1393921
1393922
1393923
1393924
1393925
1393926
1393927
1393928
1393929
1500392
1503920
1503921
1503922
1503923
1503924
1503925
1503926
1503927
1503928
1503929
1513920
1513921
1513922
1513923
1513924
1513925
1513926
1513927
1513928
1513929
1520392
1523920
1523921
1523922
1523923
1523924
1523925
1523926
1523927
1523928
1523929
1570392
1571392
1572912
1572913
1572914
1572915
1572941
1580392
1583920
1583921
1583922
1583923
1583924
1583925
1583926
1583927
1583928
1583929
1590392
1593920
1593921
1593922
1593923
1593924
1593925
1593926
1593927
1593928
1593929
1820392
1823920
1823921
1823922
1823923
1823924
1823925
1823926
1823927
1823928
1823929
1827250
1827251
1827252
1827253
1827254
1830392
1840392
1870392
1873920
1873921
1873922
1873923
1873924
1873925
1873926
1873927
1873928
1873929
1880392
1883920
1883921
1883922
1883923
1883924
1883925
1883926
1883927
1883928
1883929
1303039
1303387
1303388
1303389
1304392
1308422
1308423
1310392
1313722
1313723
1314042
1319347
1319348
1319349
1321340
1321341
1321342
1324340
1324341
1327392
1328392
1550392
1551405
1551406
1551467
1551468
1551469
1551665
1551666
1551789
1553920
1553921
1553922
1553923
1553924
1553925
1553926
1553927
1553928
1553929
1556520
1556580
1560392
1563920
1563921
1563922
1563923
1563924
1564950
1564951
1566431
1567005
1567006
1567007
1567008
1567009
1569065
1850392
1853039
1853920
1853921
1853922
1853923
1856720
1856721
1856722
1856723
1856724
1860392
1862392
1862543
1862544
1862575
1862576
1863920
1863921
1863922
1863923
1863924
1863925
1863926
1863992
1452350
1454866
1458525
1458526
1458527
1458528
1458529
1478392