1330396
1332364
1332396
1333396
1334364
1334396
1334688
1334689
1334690
1335387
1335388
1335389
1335396
1338396
1339395
1339396
1339397
1339398
1339399
1530396
1533396
1534396
1534634
1534635
1534636
1534637
1534638
1534639
1534650
1534651
1534652
1534653
1534654
1800396
1803740
1803741
1803742
1803743
1803753
1803782
1803783
1803784
1803785
1803960
1803961
1803962
1803963
1803965
1803969
1890396
1893963
1893964
1893965
1893966
1893967
1893968
1893969
1810396
1813740
1813743
1813750
1813751
1813752
1813753
1813754
1813755
1813756
1813757
1813763
1813764
1340396
1341970
1341971
1341972
1341973
1341974
1346140
1346141
1346142
1346143
1346144
1346145
1346146
1346147
1346148
1346149
1346180
1346181
1346182
1346183
1346184
1346185
1346186
1346187
1346188
1346189
1350396
1350764
1350766
1351386
1351395
1351396
1351397
1351398
1351399
1352396
1352530
1352531
1352532
1352533
1352534
1352635
1352636
1352637
1352638
1352639
1359890
1359891
1359892
1359893
1359894
1360342
1360349
1360380
1360844
1361396
1361980
1362396
1363396
1363964
1363965
1363981
1364396
1365396
1366396
1367300
1367396
1368387
1368388
1368389
1368396
1369396
1370380
1370396
1372305
1372306
1372307
1372308
1372309
1374960
1374961
1374962
1374963
1378330
1378331
1378332
1378333
1378334
1378335
1378336
1378337
1378338
1378339
1378396
1380396
1383960
1383961
1383962
1383963
1383964
1383965
1383966
1383967
1383968
1383969
1383990
1383991
1383992
1383993
1383994
1384960
1384961
1384962
1384963
1390396
1393834
1393835
1393836
1393837
1393838
1393839
1393960
1393961
1393962
1393963
1393964
1393965
1393966
1393967
1393968
1393969
1394955
1394956
1394957
1394958
1394959
1500396
1503690
1503691
1503692
1503693
1503694
1503840
1503841
1503842
1503843
1503844
1503845
1503846
1503847
1503848
1503849
1503960
1503961
1503962
1503963
1503964
1503965
1503966
1503967
1503968
1503969
1509350
1509351
1509352
1509353
1509354
1509355
1509356
1509357
1509358
1509359
1510380
1510381
1510382
1510383
1510384
1510385
1510386
1510387
1510388
1510389
1513655
1513656
1513657
1513658
1513659
1513810
1513811
1513812
1513813
1513814
1513960
1513961
1513962
1513963
1513964
1513965
1513966
1513967
1513968
1513969
1519465
1519466
1519467
1519468
1519469
1520396
1522490
1522491
1522492
1522493
1522494
1523630
1523631
1523632
1523633
1523634
1523635
1523636
1523637
1523638
1523639
1523690
1523691
1523692
1523693
1523694
1523695
1523696
1523697
1523698
1523699
1523905
1523906
1523907
1523908
1523909
1523960
1523961
1523962
1523963
1523964
1523965
1523966
1523967
1523968
1523969
1528685
1528686
1528687
1528688
1528689
1529010
1529011
1529012
1529013
1529014
1529015
1529016
1529017
1529018
1529019
1529490
1529491
1529492
1529493
1529494
1570396
1571365
1571396
1571399
1571649
1571678
1573890
1573891
1573892
1573893
1573894
1573895
1573896
1580396
1583660
1583661
1583662
1583663
1583664
1583665
1583666
1583667
1583668
1583669
1583670
1583671
1583672
1583673
1583674
1583675
1583676
1583677
1583678
1583679
1583960
1583961
1583962
1583963
1583964
1583965
1583966
1583967
1583968
1583969
1589070
1589071
1589072
1589073
1589074
1589080
1589081
1589082
1589083
1589084
1589310
1589311
1589312
1589313
1589314
1589315
1589316
1589317
1589318
1589319
1589390
1589391
1589392
1589393
1589394
1589395
1589396
1589397
1589398
1589399
1590396
1593800
1593801
1593802
1593803
1593804
1593805
1593806
1593807
1593808
1593809
1593960
1593961
1593962
1593963
1593964
1593965
1593966
1593967
1593968
1593969
1597845
1597846
1597847
1597848
1597849
1597880
1597881
1597882
1597883
1597884
1597885
1597886
1597887
1597888
1597889
1599345
1599346
1599347
1599348
1599349
1820396
1823645
1823646
1823647
1823648
1823649
1823960
1823961
1823962
1823963
1823964
1823965
1823966
1823967
1823968
1823969
1827290
1827291
1827292
1827293
1827294
1827295
1827296
1827297
1827298
1827299
1830071
1830072
1830073
1830074
1830075
1830076
1830077
1830078
1830079
1830396
1833618
1833619
1833620
1833621
1833622
1833623
1833850
1833851
1833852
1833853
1833854
1833855
1833856
1833857
1833858
1833859
1833960
1833961
1833962
1833963
1833964
1833965
1833966
1833967
1833968
1833969
1834817
1834818
1834819
1840396
1840399
1843955
1843956
1843957
1843958
1843959
1843960
1843961
1843962
1843963
1843964
1843965
1843966
1843967
1843968
1843969
1843970
1843971
1843972
1843973
1843974
1843975
1843976
1843977
1843978
1843979
1870396
1873845
1873846
1873847
1873848
1873849
1873960
1873961
1873962
1873963
1873964
1873965
1873966
1873967
1873968
1873969
1874995
1874996
1874997
1874998
1874999
1879030
1879031
1879032
1879033
1879034
1879035
1879036
1879037
1879038
1879039
1880365
1880396
1883960
1883961
1883962
1883963
1883964
1883965
1883966
1883967
1883968
1883969
1886027
1886421
1886422
1886423
1886424
1886425
1886426
1886427
1886428
1886429
1303380
1303381
1303382
1303383
1303384
1303385
1303386
1304396
1308708
1308709
1310366
1310396
1312370
1312371
1312372
1312373
1312374
1312375
1312376
1312377
1312378
1312379
1313724
1313725
1313726
1313727
1313728
1313729
1313785
1313786
1313787
1314067
1314068
1314069
1318314
1318338
1319370
1319371
1319372
1319373
1319374
1321343
1321344
1321345
1321346
1322381
1322382
1322383
1322384
1322385
1322386
1322387
1322388
1322389
1322396
1324339
1324347
1324348
1327170
1327171
1327172
1327173
1327174
1327175
1327176
1327177
1327396
1327399
1328308
1328309
1328396
1328399
1550396
1550397
1551447
1551448
1551449
1551465
1551466
1551667
1551668
1551669
1551680
1551681
1551682
1551683
1551684
1551685
1551686
1551687
1551688
1551689
1551762
1551763
1551764
1551765
1551829
1551830
1551831
1551832
1551833
1551834
1551835
1551836
1551837
1551838
1551839
1553960
1553961
1553962
1553963
1553964
1553965
1553966
1553967
1553968
1553969
1554440
1554441
1554444
1554445
1554446
1554447
1554448
1554449
1556574
1556592
1556593
1556594
1556595
1556596
1556597
1556598
1556599
1560396
1563830
1563831
1563832
1563833
1563834
1563835
1563836
1563837
1563838
1563839
1563870
1563871
1563960
1563961
1563962
1563963
1563964
1563965
1563966
1563967
1563968
1563969
1564955
1564956
1564957
1564958
1564959
1566436
1566437
1566438
1567081
1569074
1569075
1850396
1853040
1853041
1853743
1853960
1853961
1853966
1853967
1853968
1853969
1856800
1856801
1856802
1856803
1856804
1856805
1856806
1856807
1856808
1856809
1860396
1862396
1862530
1862531
1862532
1862533
1862534
1862547
1862548
1863960
1863961
1863962
1863963
1863964
1863965
1863966
1863967
1863968
1863969
1863995
1863996
1863997
1452355
1452356
1452357
1454219
1454868
1458542
1458543
1458544
1473807
1478396
1478400
1478401
1478402
1478403
1478404
1478810
1478811
1478812
1478813
1478814
1478815
1478816
1478817
1478818
1478819