1330445
1331435
1332145
1332153
1332435
1332445
1333144
1333145
1333146
1333147
1333153
1333179
1334156
1335153
1335315
1335435
1336435
1336445
1336456
1338435
1338445
1339435
1339445
1530435
1532634
1532635
1532644
1532645
1532646
1533068
1533069
1534434
1534435
1534439
1535465
1535466
1800435
1804350
1804351
1804352
1804355
1890435
1890445
1894341
1894342
1894343
1894344
1894356
1894357
1894358
1894359
1810435
1810445
1340450
1340451
1340452
1340453
1340454
1350095
1350097
1351435
1360435
1360445
1361435
1361445
1362435
1362445
1363071
1363075
1363435
1363445
1364435
1364445
1365435
1366435
1366445
1367435
1367445
1369435
1369441
1369445
1370435
1370445
1373285
1373286
1373287
1373288
1373289
1374350
1374351
1374352
1374353
1374354
1374355
1374356
1374357
1374358
1374359
1374450
1374451
1374452
1374453
1374454
1374455
1374456
1374457
1374458
1374459
1376614
1376615
1376616
1376617
1376618
1376619
1380445
1380044
1384350
1384351
1384352
1384353
1384354
1384355
1384356
1384357
1384358
1384359
1384450
1384451
1384452
1384453
1384454
1384455
1384456
1384457
1384458
1384459
1389450
1389451
1389452
1389453
1389454
1389455
1389456
1389457
1389458
1389459
1390445
1394334
1394340
1394341
1394350
1394351
1394352
1394353
1394354
1394355
1394356
1394357
1394358
1394359
1394450
1394451
1394452
1394453
1394454
1394455
1394456
1394457
1394458
1394459
1500435
1504350
1504351
1504352
1504353
1504354
1504355
1504356
1504357
1504358
1504359
1504450
1504451
1504452
1504453
1504454
1504455
1504456
1504457
1504458
1504459
1510435
1511430
1511431
1511432
1511433
1511434
1511435
1511436
1511437
1511438
1511439
1514350
1514351
1514352
1514353
1514354
1514355
1514356
1514357
1514358
1514359
1514450
1514451
1514452
1514453
1514454
1514455
1514456
1514457
1514458
1514459
1520435
1570435
1571435
1571445
1580435
1583450
1583451
1583452
1583453
1583454
1583455
1583456
1583457
1583458
1583459
1584350
1584351
1584352
1584353
1584354
1584355
1584356
1584357
1584358
1584359
1584450
1584451
1584452
1584453
1584454
1584455
1584456
1584457
1584458
1584459
1590435
1594350
1594351
1594352
1594353
1594354
1594355
1594356
1594357
1594358
1594359
1594450
1594451
1594452
1594453
1594454
1594455
1594456
1594457
1594458
1594459
1598160
1598161
1598162
1598163
1598164
1820435
1824350
1824351
1824352
1824353
1824354
1824355
1824356
1824357
1824358
1824359
1830435
1834350
1834351
1834352
1834353
1834354
1834355
1834356
1834357
1834358
1834359
1840435
1844350
1844351
1844352
1844353
1844354
1844355
1844356
1844357
1844358
1844359
1870435
1874350
1874351
1874352
1874353
1874354
1874355
1874356
1874357
1874358
1874359
1874450
1874451
1874452
1874453
1874454
1874455
1874456
1874457
1874458
1874459
1880435
1884350
1884351
1884352
1884353
1884354
1884355
1884356
1884357
1884358
1884359
1300919
1301919
1302919
1303919
1303929
1304035
1304037
1304435
1306907
1306919
1306927
1306929
1308000
1308005
1308919
1308927
1308929
1310435
1312435
1312575
1312585
1312589
1313435
1314435
1315965
1315972
1315973
1317919
1317921
1317922
1318064
1318065
1318066
1318067
1318068
1318069
1319614
1319615
1319616
1319617
1319618
1320435
1321435
1321445
1322435
1322445
1323435
1324425
1324435
1324445
1325185
1325265
1325266
1325267
1325874
1325875
1325876
1325877
1325885
1327435
1327815
1327825
1327835
1327845
1327855
1329435
1329884
1329885
1329886
1550030
1550031
1550032
1550033
1550034
1550035
1550036
1550037
1550038
1550039
1550435
1552660
1552661
1552662
1556780
1556781
1556782
1556783
1556784
1556785
1556786
1556787
1556788
1556789
1558469
1558480
1558481
1558482
1558483
1558484
1558540
1558541
1558542
1558565
1558566
1558567
1558568
1558569
1560435
1564350
1564351
1564352
1564353
1564354
1564355
1564356
1564357
1569435
1569954
1850435
1854302
1854310
1854350
1854351
1854352
1854353
1854354
1860435
1862652
1862653
1862654
1862655
1862656
1862657
1862658
1862659
1864302
1864303
1864350
1864351
1864352
1864353
1864354
1864355
1864356
1864357
1864358
1864359
1868435
1814315
1450515
1450516
1450517
1450518
1450519
1452174
1452175
1454145
1470435