1330437
1332147
1332156
1332437
1333142
1333143
1333156
1335156
1335318
1335437
1336437
1336465
1338437
1339437
1530437
1532647
1535467
1800437
1804370
1804375
1890437
1890447
1894347
1894377
1810437
1350087
1350437
1351437
1360437
1361437
1362437
1363077
1363437
1363447
1364437
1366437
1367437
1368976
1369403
1369404
1369405
1369406
1369407
1369408
1369409
1369437
1373280
1373281
1373282
1373283
1373284
1374370
1374371
1374372
1374373
1374374
1374375
1374376
1374377
1374378
1374379
1376600
1376601
1376602
1376603
1376604
1376605
1376606
1376607
1376608
1376609
1384370
1384371
1384372
1384373
1384374
1384375
1384376
1384377
1384378
1384379
1389474
1390437
1394343
1394344
1394370
1394371
1394372
1394373
1394374
1394375
1394376
1394377
1394378
1394379
1500437
1504370
1504371
1504372
1504373
1504374
1504375
1504376
1504377
1504378
1504379
1510437
1514370
1514371
1514372
1514373
1514374
1514375
1514376
1514377
1514378
1514379
1520437
1570400
1570401
1570402
1570403
1570404
1570405
1570406
1570407
1570408
1570409
1570437
1571437
1571447
1580437
1584370
1584371
1584372
1584373
1584374
1584375
1584376
1584377
1584378
1584379
1584470
1584471
1584472
1584473
1584474
1584475
1584476
1584477
1584478
1584479
1590437
1594370
1594371
1594372
1594373
1594374
1594375
1594376
1594377
1594378
1594379
1594470
1594471
1594472
1594473
1594474
1594475
1594476
1594477
1594478
1594479
1594895
1594896
1594897
1594898
1594899
1820437
1824370
1824371
1824372
1824373
1824374
1824375
1824376
1824377
1824378
1824379
1830437
1834370
1834371
1834372
1834373
1834374
1834375
1834376
1834377
1834378
1834379
1840437
1844370
1844371
1844372
1844373
1844374
1844375
1844376
1844377
1844378
1844379
1870437
1874370
1874371
1874372
1874373
1874374
1874375
1874376
1874377
1874378
1874379
1880437
1884370
1884371
1884372
1884373
1884374
1884375
1884376
1884377
1884378
1884379
1884475
1884476
1884477
1884478
1884479
1300904
1301928
1301929
1302904
1303928
1304437
1308920
1308921
1310437
1312437
1312577
1312587
1313437
1314437
1314778
1314779
1317928
1317929
1318095
1318096
1319605
1319625
1319626
1320437
1320865
1320866
1320867
1320868
1320869
1321437
1322437
1322447
1323437
1324437
1324447
1325187
1325268
1327437
1327837
1327838
1327839
1327847
1327848
1327849
1327857
1329437
1329887
1550437
1552690
1552691
1554347
1556815
1556816
1556817
1556818
1556819
1558497
1558498
1558499
1559030
1559031
1559032
1559033
1559034
1559035
1559036
1559037
1559075
1559076
1560437
1564376
1564377
1564378
1564379
1566282
1566283
1566284
1566285
1566286
1566287
1566288
1566289
1566290
1566291
1566292
1569437
1850437
1854301
1854305
1854370
1854371
1854372
1854373
1854374
1860437
1862979
1862980
1864370
1864371
1864372
1864373
1864374
1864375
1864376
1864377
1864378
1864379
1868437
1814317
1450525
1450526
1450527
1450528
1450529
1452177
1454147
1470437