1330368
1330454
1331454
1332944
1332954
1332955
1333944
1333954
1333955
1334944
1334954
1334955
1335134
1335144
1335164
1335165
1335166
1335176
1335186
1335254
1335454
1335954
1335955
1335963
1335964
1335976
1338454
1339454
1339457
1530368
1530454
1532654
1532657
1532669
1533187
1533196
1534454
1800368
1800454
1804540
1804541
1804542
1804543
1804544
1804545
1804546
1804548
1804549
1808876
1890364
1890368
1890454
1894454
1894540
1894541
1894542
1894543
1894544
1894640
1894641
1894642
1894643
1894644
1894645
1894646
1894647
1894648
1894649
1810454
1350369
1350454
1350469
1351260
1351261
1351262
1351263
1351264
1351265
1351266
1351267
1351268
1351269
1355502
1355542
1355543
1355558
1355559
1360369
1360454
1360469
1360486
1361454
1361469
1362454
1362465
1363454
1363465
1364454
1364468
1366454
1367454
1368454
1369454
1369466
1370454
1370469
1370486
1373452
1373453
1373454
1374540
1374541
1374542
1374543
1374544
1374545
1374546
1374547
1374548
1374549
1374610
1374611
1374612
1374613
1374614
1374615
1374616
1374617
1374618
1374619
1374680
1374681
1374682
1374683
1374684
1374685
1374686
1374687
1374688
1374689
1374690
1374691
1374692
1374693
1374694
1374695
1374696
1374697
1374698
1374699
1376363
1379635
1379636
1380365
1380366
1380367
1344269
1383660
1383661
1383662
1383663
1383664
1383665
1383666
1383667
1383668
1383669
1384540
1384541
1384542
1384543
1384544
1384545
1384546
1384547
1384548
1384549
1384610
1384611
1384612
1384613
1384614
1384615
1384616
1384617
1384618
1384619
1390364
1390368
1390454
1390468
1390488
1394540
1394541
1394542
1394543
1394544
1394545
1394546
1394547
1394548
1394549
1394640
1394641
1394642
1394643
1394644
1394645
1394646
1394647
1394648
1394649
1504540
1504541
1504642
1504643
1504644
1504645
1504646
1504647
1504648
1504649
1514542
1514543
1514544
1514545
1514546
1514547
1514548
1514549
1516450
1516451
1520454
1521454
1521457
1521466
1521469
1524478
1524479
1524540
1524541
1524542
1524543
1524544
1524545
1524546
1524547
1524548
1524549
1524562
1524563
1524642
1524643
1524644
1524645
1524646
1524647
1524648
1524649
1570454
1571454
1571466
1573454
1575454
1576454
1576512
1576513
1576514
1576530
1576531
1576532
1576533
1576534
1576535
1576536
1576537
1576538
1576539
1576540
1576541
1576542
1576543
1576544
1576545
1576546
1576547
1576548
1576549
1577454
1580454
1584515
1584516
1584517
1584518
1584519
1584540
1584541
1584542
1584543
1584544
1584545
1584697
1584698
1584699
1590454
1594540
1594541
1594542
1594543
1594544
1594586
1594587
1594588
1594589
1594653
1594654
1594655
1594656
1594657
1594658
1594659
1820454
1824540
1824541
1824542
1824543
1824544
1824545
1824546
1824547
1824548
1824549
1824636
1824637
1824638
1824639
1824922
1824923
1824924
1824925
1824926
1824954
1824982
1824983
1830454
1832454
1832464
1834545
1834546
1834547
1870454
1871454
1872421
1872422
1872423
1872424
1872425
1872426
1872427
1872428
1872429
1872454
1874540
1874541
1874542
1874543
1874544
1874545
1874546
1874547
1874548
1874549
1874634
1874635
1874636
1874637
1880454
1881454
1881474
1881475
1884540
1884541
1884542
1884543
1884544
1884545
1884546
1884547
1884548
1884549
1884621
1300097
1300976
1300977
1300978
1301975
1301976
1302978
1302997
1302998
1303960
1303961
1303962
1303963
1303964
1303965
1304540
1304541
1304542
1304543
1304544
1305436
1306975
1306976
1306992
1306993
1308963
1308964
1308965
1308966
1308967
1308968
1308969
1309162
1309163
1309164
1309165
1310165
1310454
1311454
1311534
1311535
1311536
1311554
1312454
1313454
1313697
1313698
1313699
1314454
1314954
1314966
1315454
1315997
1315998
1316349
1316350
1316351
1319454
1319910
1319911
1319912
1319913
1319914
1319915
1320454
1320697
1320698
1320699
1320840
1320841
1320842
1321284
1321298
1321299
1321454
1322454
1322464
1322466
1323454
1325154
1325860
1325861
1325862
1327454
1327468
1328407
1328454
1328465
1328491
1329873
1329876
1550454
1554540
1554541
1554542
1554575
1554576
1559090
1559091
1559092
1559093
1559094
1559095
1560368
1560454
1563644
1563645
1563646
1563647
1563648
1563649
1564540
1564541
1564542
1564543
1564544
1564545
1564546
1564547
1564548
1564549
1566300
1566301
1566302
1566303
1566304
1566305
1566306
1566307
1566308
1569454
1850454
1854502
1854503
1854504
1854508
1854509
1854540
1854541
1854542
1854543
1854544
1854545
1854546
1860364
1860368
1860454
1864400
1864401
1864527
1864528
1864540
1864541
1864542
1864543
1864544
1864545
1864546
1864547
1864548
1864549
1869709
1818270
1818284
1450630
1450631
1450632
1450633
1450634
1452448
1452449
1452454
1454304
1470454
1474568
1474569
1478454
1479454