1330468
1331468
1332958
1333958
1334948
1334958
1335193
1335194
1335195
1335196
1335958
1335977
1335997
1338468
1339468
1530468
1532658
1533185
1800468
1804573
1804581
1804585
1804587
1890468
1894468
1894517
1894575
1894576
1810468
1350458
1350487
1361368
1362468
1363468
1366468
1368468
1369469
1370464
1376368
1376670
1376671
1379646
1379647
1379694
1380368
1384680
1384681
1384682
1384683
1384684
1384685
1384686
1384687
1384688
1384689
1389592
1394575
1394576
1394670
1394671
1394672
1394673
1394674
1394675
1394676
1394677
1394678
1394679
1509450
1509451
1509452
1509453
1509454
1509455
1514584
1514585
1514586
1514587
1514680
1514681
1514682
1514683
1514685
1514686
1514687
1514688
1518465
1520468
1524681
1524682
1524683
1524684
1570468
1571468
1573468
1575468
1576468
1577466
1577468
1580468
1584546
1584547
1584548
1584629
1584669
1584688
1590468
1594528
1594529
1594581
1594582
1594583
1594584
1594585
1594660
1594661
1594662
1594663
1594664
1594665
1820468
1824666
1824953
1824985
1824986
1830457
1830468
1834524
1834560
1834561
1834562
1834563
1834564
1834565
1834566
1834567
1834568
1834569
1834680
1834681
1834685
1834686
1834687
1834688
1834689
1870468
1871462
1871463
1871465
1871466
1871468
1872468
1874679
1874680
1880468
1881468
1884680
1884684
1884685
1884686
1884687
1884688
1884689
1300997
1301902
1302976
1303973
1304545
1304546
1305438
1306994
1306995
1308950
1308951
1308977
1309149
1309150
1309151
1310168
1310468
1311468
1311538
1311548
1311564
1311568
1313690
1314468
1314968
1315988
1315992
1315993
1316346
1319959
1319960
1319961
1320468
1321297
1321468
1322468
1323468
1325168
1325856
1328468
1328493
1550468
1554537
1554538
1554580
1554581
1554582
1554583
1554584
1554585
1554586
1554587
1554588
1554589
1554590
1554591
1554592
1554593
1554594
1554658
1554659
1559096
1559097
1560468
1560488
1563672
1563673
1563674
1563675
1563676
1563677
1563678
1563679
1564575
1564576
1569968
1850468
1854532
1860468
1864515
1864680
1864681
1864682
1864683
1864684
1864685
1864686
1864687
1864688
1864689
1818278
1854660
1450655
1450656
1450657
1450658
1450659
1452468
1452474
1470466
1470468
1474588
1478468
1479468