1330488
1331469
1332933
1332934
1333933
1333934
1334933
1334934
1335104
1335105
1335106
1335116
1335965
1335978
1338469
1339469
1530488
1532656
1533181
1534457
1800469
1804569
1804582
1804586
1804589
1890469
1894469
1894518
1894519
1894577
1894578
1894579
1810469
1350464
1350485
1355503
1355510
1355511
1355512
1355513
1355514
1355515
1355516
1355517
1355518
1355519
1355544
1355545
1360458
1362469
1363464
1363469
1366469
1368469
1373450
1373451
1376667
1376668
1379637
1379638
1379639
1379690
1379691
1380369
1361369
1384690
1384691
1384692
1384693
1384694
1384695
1384696
1384697
1384698
1384699
1389585
1389586
1389587
1389588
1389589
1394577
1394578
1394579
1394660
1394661
1394662
1394663
1394664
1394665
1394666
1394667
1394668
1394669
1504571
1504572
1504573
1504574
1504575
1504682
1504683
1504684
1504690
1504691
1504692
1504693
1504694
1514588
1514589
1514590
1514591
1514690
1514691
1514692
1514693
1514694
1514695
1514696
1514697
1514698
1514699
1518466
1518467
1518468
1518469
1524685
1524686
1524687
1524688
1524689
1524690
1570469
1571469
1573469
1575469
1576469
1576515
1576516
1577469
1580469
1584642
1584683
1584684
1590469
1820469
1824690
1824698
1824699
1824940
1824941
1824942
1824943
1830469
1834580
1834581
1834582
1834583
1834584
1834585
1834690
1834691
1834692
1834693
1834694
1834695
1834696
1834697
1834699
1870469
1871445
1871446
1871447
1871448
1871469
1872469
1874690
1874691
1874696
1874697
1874698
1874699
1880469
1881469
1884690
1884694
1884695
1884696
1884697
1884698
1884699
1300998
1301904
1302977
1303975
1304547
1304548
1305437
1306990
1306991
1308978
1308981
1308982
1309147
1309178
1309179
1309180
1310169
1310406
1310469
1311469
1311557
1311569
1313677
1313678
1314469
1314969
1315990
1315991
1316345
1319919
1319920
1319921
1319922
1320469
1320677
1320678
1320849
1321294
1321469
1322469
1323469
1325169
1325854
1325855
1326357
1327469
1328469
1328494
1550469
1554535
1554539
1554577
1554578
1554579
1556170
1556171
1556172
1556190
1559083
1559084
1560469
1563665
1563666
1563667
1563668
1563669
1564577
1564578
1564579
1566309
1566310
1566390
1566391
1566392
1566393
1566394
1566395
1566396
1566397
1566398
1566399
1569969
1850469
1854525
1854561
1860469
1864516
1864690
1864691
1864692
1864693
1864694
1864695
1864696
1864697
1864698
1864699
1818279
1452469
1452475
1453476
1453477
1453478
1453479
1470469
1474596
1474597
1478469
1479469