1330479
1331479
1332709
1333709
1335479
1338479
1339479
1530479
1532679
1533279
1533479
1533569
1534418
1534419
1537479
1537486
1537489
1537498
1538479
1538979
1539479
1800479
1804790
1804791
1804792
1804793
1804794
1890479
1894739
1894749
1894790
1894799
1810479
1814790
1814791
1347474
1347479
1348479
1351479
1360479
1361479
1361489
1364479
1365479
1365489
1366475
1366479
1366489
1367479
1367489
1368473
1368479
1369478
1369479
1372209
1374790
1374791
1375419
1384790
1384791
1384792
1384849
1384859
1390479
1394739
1394790
1394791
1394792
1394793
1394794
1394795
1394796
1394797
1394798
1394799
1394879
1500479
1504717
1504718
1504719
1504790
1504791
1504792
1504793
1504794
1504795
1504796
1504797
1504798
1504890
1504891
1504892
1504893
1504894
1504895
1504896
1504897
1510479
1514794
1514795
1514796
1514797
1514798
1514799
1514850
1514851
1514852
1514853
1514854
1514860
1514861
1514862
1514863
1514864
1514865
1514866
1514867
1514868
1514869
1516494
1516495
1516496
1516497
1516498
1516499
1520479
1524749
1524785
1524786
1524787
1524788
1524789
1524790
1524791
1524792
1524793
1524794
1524795
1524796
1524797
1524798
1524799
1524950
1524951
1524952
1524953
1524954
1524955
1524956
1524957
1524958
1524959
1570479
1571479
1573479
1575479
1577149
1580479
1584790
1584791
1584792
1584793
1584794
1584795
1584796
1584797
1584798
1584799
1584990
1584991
1584992
1584993
1590479
1594709
1594719
1594729
1820479
1824790
1824791
1824792
1824793
1824794
1824795
1824796
1824797
1824798
1824799
1830479
1834790
1840479
1840489
1870479
1874745
1874746
1874790
1874791
1874792
1874793
1874794
1874795
1874796
1880479
1884790
1884791
1884792
1884793
1884794
1884795
1884796
1884797
1884798
1884799
1303045
1303470
1308159
1308479
1309066
1309067
1313479
1313499
1314179
1314529
1315479
1317138
1319057
1319066
1319067
1319155
1319156
1320479
1321479
1323479
1323849
1324519
1327479
1329479
1550479
1554791
1554792
1554793
1554794
1554795
1554796
1554797
1554798
1554799
1554837
1560479
1562198
1562199
1562460
1562461
1562462
1562463
1562479
1562489
1564790
1564791
1564792
1564793
1564794
1564795
1564796
1564797
1564798
1564799
1569479
1850479
1850489
1854790
1860479
1864790
1864791
1864792
1864793
1864794
1864795
1864804
1864807
1864808
1864809
1869742
1869743
1869744
1450279
1452487
1453480
1453491
1453492
1453493
1453494
1454339
1474719
1474790
1474791