1331482
1332702
1333702
1335482
1338482
1339482
1532682
1533282
1533482
1533484
1533485
1533486
1533562
1534424
1534425
1535282
1537481
1537482
1538482
1539108
1539109
1539128
1539129
1800482
1804820
1804821
1804822
1804823
1890482
1894742
1894744
1894768
1894769
1894782
1894793
1894794
1810480
1810482
1814820
1340482
1345139
1351482
1362479
1362489
1363479
1364489
1365480
1365482
1365485
1366408
1366480
1366482
1370479
1373482
1380048
1380050
1380479
1384793
1384794
1384798
1384799
1384838
1384839
1384869
1394748
1394820
1394821
1394822
1394823
1394824
1394825
1394826
1394827
1394828
1394829
1394862
1394889
1394893
1394897
1394899
1500480
1500481
1500482
1500483
1500484
1500485
1502480
1502481
1502482
1502483
1502484
1502485
1502486
1503480
1503481
1503482
1503483
1503484
1503485
1503486
1503487
1503488
1504820
1504821
1504822
1504823
1504824
1504825
1504826
1504827
1504828
1510482
1510484
1510485
1514482
1514490
1514491
1514492
1514493
1514494
1514826
1514827
1514828
1514829
1514890
1514891
1514892
1514893
1514894
1514895
1514896
1514897
1514903
1514904
1517475
1517476
1517477
1517478
1517479
1520482
1524820
1524821
1524822
1524823
1524824
1524825
1524826
1524827
1524828
1524829
1524850
1524851
1524852
1524853
1524854
1524855
1524856
1524857
1524858
1524859
1570480
1570481
1570482
1570484
1570485
1570500
1570501
1570502
1570503
1571482
1573482
1575482
1576482
1577482
1580482
1580483
1584980
1584981
1584982
1584983
1590482
1820480
1820481
1820482
1820484
1824820
1824821
1824822
1824823
1824824
1824825
1824826
1824827
1824828
1824829
1830480
1830481
1830482
1830484
1830485
1830486
1870480
1870481
1870482
1870484
1870485
1870486
1870487
1870488
1870489
1874820
1874821
1874822
1874823
1880480
1880481
1880482
1880484
1880485
1880486
1884805
1884806
1884807
1884808
1884809
1884816
1303043
1303044
1308158
1308713
1311359
1313482
1315482
1317139
1319095
1319096
1319159
1320482
1320488
1320489
1321480
1321482
1322481
1322482
1322483
1323482
1324083
1324514
1324515
1327482
1329482
1550482
1554000
1554082
1554083
1554092
1554823
1554824
1554888
1554889
1556119
1556120
1556121
1556122
1556123
1556124
1559894
1559895
1559896
1559897
1559898
1559899
1562482
1562485
1562487
1562488
1564820
1564821
1564822
1564823
1564824
1564825
1564826
1564827
1564828
1564829
1564833
1564834
1569092
1850482
1854820
1854821
1854822
1854823
1860482
1864805
1864806
1864820
1864821
1864822
1864823
1864824
1864844
1864845
1844717
1844719
1452488
1453380
1453381
1453382
1453383
1454330
1474740
1474741
1474742
1474743
1474744
1474745
1474746
1474747
1474748
1474749