1308714
1313483
1314249
1315483
1319061
1320483
1326024
1327483
1329483
1332713
1335483
1338483
1351483
1361483
1362473
1363473
1365483
1366483
1380473
1394749
1394800
1394801
1394802
1394803
1394804
1394805
1394806
1394883
1452489
1453388
1453389
1453390
1453391
1453392
1454334
1504830
1504831
1510483
1514700
1514898
1520483
1524830
1524831
1524880
1524881
1524882
1524883
1533483
1534409
1535283
1537483
1538483
1550483
1554831
1556118
1562483
1564830
1564831
1564832
1569094
1570483
1571483
1577146
1590483
1800483
1804830
1804831
1810483
1814830
1820483
1824830
1824837
1824838
1830483
1840483
1850483
1850493
1854830
1860483
1864830
1864831
1864833
1864834
1870483
1874830
1874831
1874832
1874833
1880483
1880487
1890483
1894743
1894783